<?xml version="1.0" encoding="utf-8"?>
<COLLADA xmlns="http://www.collada.org/2005/11/COLLADASchema" version="1.4.1">
  <asset><contributor><author></author><authoring_tool>FBX COLLADA exporter</authoring_tool><comments></comments></contributor><created>2013-08-05T12:00:33Z</created><keywords></keywords><modified>2013-08-05T12:00:33Z</modified><revision></revision><subject></subject><title></title><unit meter="0.010000" name="centimeter"></unit><up_axis>Y_UP</up_axis></asset>
  <library_geometries>
    <geometry id="Plane-lib" name="PlaneMesh">
      <mesh>
        <source id="Plane-POSITION">
          <float_array id="Plane-POSITION-array" count="12">
-100.000000 0.000000 100.000000
100.000000 0.000000 100.000000
100.000000 0.000000 -100.000000
-100.000000 0.000000 -100.000000
</float_array>
          <technique_common>
            <accessor source="#Plane-POSITION-array" count="4" stride="3">
              <param name="X" type="float"/>
              <param name="Y" type="float"/>
              <param name="Z" type="float"/>
            </accessor>
          </technique_common>
        </source>
        <source id="Plane-Normal0">
          <float_array id="Plane-Normal0-array" count="12">
0.000000 1.000000 0.000000
0.000000 1.000000 0.000000
0.000000 1.000000 0.000000
0.000000 1.000000 0.000000
</float_array>
          <technique_common>
            <accessor source="#Plane-Normal0-array" count="4" stride="3">
              <param name="X" type="float"/>
              <param name="Y" type="float"/>
              <param name="Z" type="float"/>
            </accessor>
          </technique_common>
        </source>
        <source id="Plane-UV0">
          <float_array id="Plane-UV0-array" count="8">
0.000000 0.000000
1.000000 0.000000
1.000000 1.000000
0.000000 1.000000
</float_array>
          <technique_common>
            <accessor source="#Plane-UV0-array" count="4" stride="2">
              <param name="S" type="float"/>
              <param name="T" type="float"/>
            </accessor>
          </technique_common>
        </source>
        <vertices id="Plane-VERTEX">
          <input semantic="POSITION" source="#Plane-POSITION"/>
          <input semantic="NORMAL" source="#Plane-Normal0"/>
          <input semantic="TEXCOORD" source="#Plane-UV0"/>
        </vertices>
        <triangles count="2"><input semantic="VERTEX" offset="0" source="#Plane-VERTEX"/><p> 1 2 0 0 2 3</p></triangles>
      </mesh>
    </geometry>
    <geometry id="Plane 1-lib" name="Plane 1Mesh">
      <mesh>
        <source id="Plane 1-POSITION">
          <float_array id="Plane 1-POSITION-array" count="12">
-100.000000 0.000000 100.000000
100.000000 0.000000 100.000000
100.000000 0.000000 -100.000000
-100.000000 0.000000 -100.000000
</float_array>
          <technique_common>
            <accessor source="#Plane 1-POSITION-array" count="4" stride="3">
              <param name="X" type="float"/>
              <param name="Y" type="float"/>
              <param name="Z" type="float"/>
            </accessor>
          </technique_common>
        </source>
        <source id="Plane 1-Normal0">
          <float_array id="Plane 1-Normal0-array" count="12">
0.000000 1.000000 0.000000
0.000000 1.000000 0.000000
0.000000 1.000000 0.000000
0.000000 1.000000 0.000000
</float_array>
          <technique_common>
            <accessor source="#Plane 1-Normal0-array" count="4" stride="3">
              <param name="X" type="float"/>
              <param name="Y" type="float"/>
              <param name="Z" type="float"/>
            </accessor>
          </technique_common>
        </source>
        <source id="Plane 1-UV0">
          <float_array id="Plane 1-UV0-array" count="8">
0.000000 0.000000
1.000000 0.000000
1.000000 1.000000
0.000000 1.000000
</float_array>
          <technique_common>
            <accessor source="#Plane 1-UV0-array" count="4" stride="2">
              <param name="S" type="float"/>
              <param name="T" type="float"/>
            </accessor>
          </technique_common>
        </source>
        <vertices id="Plane 1-VERTEX">
          <input semantic="POSITION" source="#Plane 1-POSITION"/>
          <input semantic="NORMAL" source="#Plane 1-Normal0"/>
          <input semantic="TEXCOORD" source="#Plane 1-UV0"/>
        </vertices>
        <triangles count="2"><input semantic="VERTEX" offset="0" source="#Plane 1-VERTEX"/><p> 1 2 0 0 2 3</p></triangles>
      </mesh>
    </geometry>
  </library_geometries>
  <library_animations>
    <animation id="Bip001-anim" name="Bip001"><animation><source id="Bip001-Matrix-animation-input"><float_array id="Bip001-Matrix-animation-input-array" count="41">

0.000000 0.033333 0.066667 0.100000 0.133333 0.166667 0.200000 0.233333 0.266667 0.300000 0.333333 0.366667 0.400000 0.433333 0.466667 0.500000
0.533333 0.566667 0.600000 0.633333 0.666667 0.700000 0.733333 0.766667 0.800000 0.833333 0.866667 0.900000 0.933333 0.966667 1.000000 1.033333
1.066667 1.100000 1.133333 1.166667 1.200000 1.233333 1.266667 1.300000 1.333333</float_array><technique_common><accessor source="#Bip001-Matrix-animation-input-array" count="41"><param name="TIME" type="float"/></accessor></technique_common></source><source id="Bip001-Matrix-animation-output-transform"><float_array id="Bip001-Matrix-animation-output-transform-array" count="656">

-0.124738 0.992162 -0.007469 0.000035 -0.072232 -0.001573 0.997387 96.990372 0.989557 0.124952 0.071862 -0.000004 0.000000 0.000000 0.000000 1.000000
-0.125713 0.992038 -0.007525 -0.000002 -0.072231 -0.001588 0.997387 96.596298 0.989434 0.125928 0.071855 4.204338 0.000000 0.000000 0.000000 1.000000
-0.128203 0.991718 -0.007670 -0.000043 -0.072227 -0.001623 0.997387 96.151596 0.989114 0.128422 0.071837 8.408688 0.000000 0.000000 0.000000 1.000000
-0.131557 0.991277 -0.007864 -0.000085 -0.072221 -0.001672 0.997387 95.678001 0.988674 0.131781 0.071811 12.613045 0.000000 0.000000 0.000000 1.000000
-0.135125 0.990796 -0.008071 -0.000127 -0.072215 -0.001724 0.997388 95.197144 0.988193 0.135355 0.071783 16.817402 0.000000 0.000000 0.000000 1.000000
-0.138259 0.990362 -0.008252 -0.000167 -0.072210 -0.001770 0.997388 94.730782 0.987760 0.138494 0.071758 21.021757 0.000000 0.000000 0.000000 1.000000
-0.140311 0.990072 -0.008371 -0.000207 -0.072206 -0.001800 0.997388 94.300545 0.987471 0.140549 0.071742 25.226107 0.000000 0.000000 0.000000 1.000000
-0.140635 0.990026 -0.008390 -0.000243 -0.072206 -0.001804 0.997388 93.928162 0.987425 0.140873 0.071739 29.430447 0.000000 0.000000 0.000000 1.000000
-0.138583 0.990316 -0.008271 -0.000276 -0.072209 -0.001775 0.997388 93.635323 0.987715 0.138818 0.071756 33.634766 0.000000 0.000000 0.000000 1.000000
-0.133503 0.991016 -0.007975 -0.000304 -0.072218 -0.001702 0.997388 93.443695 0.988414 0.133731 0.071797 37.839081 0.000000 0.000000 0.000000 1.000000
-0.124738 0.992162 -0.007467 -0.000326 -0.072233 -0.001575 0.997387 93.374985 0.989557 0.124951 0.071863 42.043354 0.000000 0.000000 0.000000 1.000000
-0.111090 0.993788 -0.006677 -0.000342 -0.072253 -0.001376 0.997386 93.476212 0.991180 0.111282 0.071957 46.247608 0.000000 0.000000 0.000000 1.000000
-0.092552 0.995692 -0.005609 -0.000351 -0.072276 -0.001099 0.997384 93.750992 0.993081 0.092715 0.072066 50.451855 0.000000 0.000000 0.000000 1.000000
-0.070249 0.997520 -0.004327 -0.000355 -0.072297 -0.000765 0.997383 94.155960 0.994906 0.070378 0.072171 54.656075 0.000000 0.000000 0.000000 1.000000
-0.045326 0.998968 -0.002893 -0.000355 -0.072311 -0.000393 0.997382 94.647667 0.996352 0.045416 0.072254 58.860279 0.000000 0.000000 0.000000 1.000000
-0.018949 0.999820 -0.001374 -0.000353 -0.072316 -0.000000 0.997382 95.182777 0.997202 0.018999 0.072303 63.064472 0.000000 0.000000 0.000000 1.000000
0.007702 0.999970 0.000166 -0.000347 -0.072311 0.000391 0.997382 95.717857 0.997353 -0.007694 0.072312 67.268661 0.000000 0.000000 0.000000 1.000000
0.033445 0.999439 0.001659 -0.000342 -0.072297 0.000764 0.997383 96.209511 0.996822 -0.033477 0.072282 71.472839 0.000000 0.000000 0.000000 1.000000
0.057104 0.998364 0.003042 -0.000336 -0.072276 0.001095 0.997384 96.614349 0.995749 -0.057174 0.072220 75.677032 0.000000 0.000000 0.000000 1.000000
0.077521 0.996982 0.004243 -0.000333 -0.072252 0.001373 0.997386 96.888985 0.994369 -0.077625 0.072141 79.881210 0.000000 0.000000 0.000000 1.000000
0.093558 0.995600 0.005206 -0.000330 -0.072232 0.001573 0.997387 96.989998 0.992990 -0.093689 0.072061 84.085426 0.000000 0.000000 0.000000 1.000000
0.106893 0.994252 0.006030 -0.000332 -0.072216 0.001715 0.997388 96.888435 0.991645 -0.107049 0.071984 88.289642 0.000000 0.000000 0.000000 1.000000
0.119645 0.992793 0.006845 -0.000336 -0.072201 0.001824 0.997389 96.613190 0.990188 -0.119826 0.071899 92.493866 0.000000 0.000000 0.000000 1.000000
0.131350 0.991307 0.007618 -0.000341 -0.072190 0.001900 0.997389 96.207687 0.988704 -0.131557 0.071812 96.698090 0.000000 0.000000 0.000000 1.000000
0.141548 0.989896 0.008311 -0.000346 -0.072182 0.001948 0.997390 95.715355 0.987296 -0.141779 0.071728 100.902321 0.000000 0.000000 0.000000 1.000000
0.149783 0.988679 0.008894 -0.000350 -0.072178 0.001963 0.997390 95.179642 0.986081 -0.150034 0.071655 105.106544 0.000000 0.000000 0.000000 1.000000
0.155599 0.987776 0.009331 -0.000353 -0.072179 0.001948 0.997390 94.643951 0.985180 -0.155867 0.071600 109.310776 0.000000 0.000000 0.000000 1.000000
0.158540 0.987306 0.009592 -0.000354 -0.072186 0.001901 0.997390 94.151695 0.984710 -0.158818 0.071571 113.514992 0.000000 0.000000 0.000000 1.000000
0.158145 0.987369 0.009643 -0.000349 -0.072197 0.001823 0.997389 93.746323 0.984773 -0.158428 0.071573 117.719177 0.000000 0.000000 0.000000 1.000000
0.153948 0.988034 0.009448 -0.000339 -0.072213 0.001715 0.997388 93.471260 0.985437 -0.154228 0.071613 121.923370 0.000000 0.000000 0.000000 1.000000
0.145470 0.989322 0.008973 -0.000325 -0.072233 0.001575 0.997387 93.369949 0.986722 -0.145738 0.071690 126.127533 0.000000 0.000000 0.000000 1.000000
0.131616 0.991267 0.008155 -0.000304 -0.072257 0.001388 0.997385 93.438751 0.988664 -0.131861 0.071808 130.331680 0.000000 0.000000 0.000000 1.000000
0.112240 0.993656 0.006990 -0.000276 -0.072283 0.001148 0.997383 93.630630 0.991049 -0.112452 0.071954 134.535782 0.000000 0.000000 0.000000 1.000000
0.088286 0.996080 0.005538 -0.000242 -0.072309 0.000863 0.997382 93.923897 0.993467 -0.088455 0.072101 138.739899 0.000000 0.000000 0.000000 1.000000
0.060716 0.998148 0.003860 -0.000206 -0.072329 0.000543 0.997381 94.296799 0.995531 -0.060836 0.072228 142.944000 0.000000 0.000000 0.000000 1.000000
0.030517 0.999532 0.002014 -0.000166 -0.072340 0.000199 0.997380 94.727623 0.996913 -0.030583 0.072312 147.148087 0.000000 0.000000 0.000000 1.000000
-0.001307 0.999999 0.000070 -0.000126 -0.072340 -0.000164 0.997380 95.194633 0.997379 0.001299 0.072340 151.352173 0.000000 0.000000 0.000000 1.000000
-0.033745 0.999429 -0.001913 -0.000084 -0.072329 -0.000533 0.997381 95.676147 0.996810 0.033795 0.072305 155.556244 0.000000 0.000000 0.000000 1.000000
-0.065786 0.997826 -0.003872 -0.000043 -0.072305 -0.000897 0.997382 96.150414 0.995211 0.065893 0.072207 159.760330 0.000000 0.000000 0.000000 1.000000
-0.096439 0.995322 -0.005744 -0.000002 -0.072272 -0.001247 0.997384 96.595718 0.992712 0.096601 0.072055 163.964401 0.000000 0.000000 0.000000 1.000000
-0.124739 0.992162 -0.007468 0.000035 -0.072232 -0.001574 0.997387 96.990341 0.989557 0.124952 0.071862 168.168488 0.000000 0.000000 0.000000 1.000000</float_array><technique_common><accessor source="#Bip001-Matrix-animation-output-transform-array" count="41" stride="16"><param type="float4x4"/></accessor></technique_common></source><source id="Bip001-Interpolations"><Name_array id="Bip001-Interpolations-array" count="41">
 LINEAR LINEAR LINEAR LINEAR LINEAR LINEAR LINEAR LINEAR LINEAR LINEAR LINEAR
LINEAR LINEAR LINEAR LINEAR LINEAR LINEAR LINEAR LINEAR LINEAR LINEAR LINEAR LINEAR
LINEAR LINEAR LINEAR LINEAR LINEAR LINEAR LINEAR LINEAR LINEAR LINEAR LINEAR LINEAR
LINEAR LINEAR LINEAR LINEAR LINEAR LINEAR</Name_array><technique_common><accessor source="#Bip001-Interpolations-array" count="41"><param type="name"/></accessor></technique_common></source><sampler id="Bip001-Matrix-animation-transform"><input semantic="INPUT" source="#Bip001-Matrix-animation-input"/><input semantic="OUTPUT" source="#Bip001-Matrix-animation-output-transform"/><input semantic="INTERPOLATION" source="#Bip001-Interpolations"/></sampler><channel source="#Bip001-Matrix-animation-transform" target="Bip001/matrix"/></animation></animation>
    <animation id="Bip001 Footsteps-anim" name="Bip001 Footsteps"><animation><source id="Bip001 Footsteps-Matrix-animation-input"><float_array id="Bip001 Footsteps-Matrix-animation-input-array" count="41">

0.000000 0.033333 0.066667 0.100000 0.133333 0.166667 0.200000 0.233333 0.266667 0.300000 0.333333 0.366667 0.400000 0.433333 0.466667 0.500000
0.533333 0.566667 0.600000 0.633333 0.666667 0.700000 0.733333 0.766667 0.800000 0.833333 0.866667 0.900000 0.933333 0.966667 1.000000 1.033333
1.066667 1.100000 1.133333 1.166667 1.200000 1.233333 1.266667 1.300000 1.333333</float_array><technique_common><accessor source="#Bip001 Footsteps-Matrix-animation-input-array" count="41"><param name="TIME" type="float"/></accessor></technique_common></source><source id="Bip001 Footsteps-Matrix-animation-output-transform"><float_array id="Bip001 Footsteps-Matrix-animation-output-transform-array" count="656">

0.000001 -1.000000 -0.000000 0.000000 1.000000 0.000001 0.000000 -0.000000 0.000000 -0.000000 1.000000 -96.990631 0.000000 0.000000 0.000000 1.000000
0.000001 -1.000000 -0.000000 0.000000 1.000000 0.000001 -0.000000 0.000000 0.000000 -0.000000 1.000000 -96.990631 0.000000 0.000000 0.000000 1.000000
0.000001 -1.000000 0.000000 -0.000000 1.000000 0.000001 0.000000 0.000000 -0.000000 -0.000000 1.000000 -96.990631 0.000000 0.000000 0.000000 1.000000
0.000001 -1.000000 0.000000 0.000000 1.000000 0.000001 0.000000 0.000000 0.000000 0.000000 1.000000 -96.990631 0.000000 0.000000 0.000000 1.000000
0.000001 -1.000000 -0.000000 -0.000000 1.000000 0.000001 0.000000 0.000000 0.000000 -0.000000 1.000000 -96.990631 0.000000 0.000000 0.000000 1.000000
0.000001 -1.000000 0.000000 -0.000000 1.000000 0.000001 -0.000000 0.000000 0.000000 -0.000000 1.000000 -96.990631 0.000000 0.000000 0.000000 1.000000
0.000001 -1.000000 -0.000000 0.000000 1.000000 0.000001 0.000000 0.000000 0.000000 -0.000000 1.000000 -96.990631 0.000000 0.000000 0.000000 1.000000
0.000001 -1.000000 0.000000 0.000000 1.000000 0.000001 -0.000000 0.000000 -0.000000 0.000000 1.000000 -96.990631 0.000000 0.000000 0.000000 1.000000
0.000001 -1.000000 -0.000000 -0.000000 1.000000 0.000001 0.000000 -0.000000 0.000000 0.000000 1.000000 -96.990631 0.000000 0.000000 0.000000 1.000000
0.000001 -1.000000 0.000000 0.000000 1.000000 0.000001 0.000000 0.000000 0.000000 -0.000000 1.000000 -96.990631 0.000000 0.000000 0.000000 1.000000
0.000001 -1.000000 0.000000 0.000000 1.000000 0.000001 0.000000 0.000000 0.000000 0.000000 1.000000 -96.990631 0.000000 0.000000 0.000000 1.000000
0.000001 -1.000000 0.000000 0.000000 1.000000 0.000001 0.000000 0.000000 0.000000 -0.000000 1.000000 -96.990631 0.000000 0.000000 0.000000 1.000000
0.000001 -1.000000 -0.000000 0.000000 1.000000 0.000001 0.000000 0.000000 0.000000 -0.000000 1.000000 -96.990631 0.000000 0.000000 0.000000 1.000000
0.000001 -1.000000 0.000000 0.000000 1.000000 0.000001 0.000000 -0.000000 -0.000000 0.000000 1.000000 -96.990631 0.000000 0.000000 0.000000 1.000000
0.000001 -1.000000 0.000000 0.000000 1.000000 0.000001 -0.000000 -0.000000 0.000000 0.000000 1.000000 -96.990631 0.000000 0.000000 0.000000 1.000000
0.000001 -1.000000 0.000000 0.000000 1.000000 0.000001 0.000000 -0.000000 -0.000000 0.000000 1.000000 -96.990631 0.000000 0.000000 0.000000 1.000000
0.000001 -1.000000 -0.000000 -0.000000 1.000000 0.000001 -0.000000 0.000000 0.000000 -0.000000 1.000000 -96.990631 0.000000 0.000000 0.000000 1.000000
0.000001 -1.000000 0.000000 -0.000000 1.000000 0.000001 0.000000 0.000000 0.000000 0.000000 1.000000 -96.990631 0.000000 0.000000 0.000000 1.000000
0.000001 -1.000000 -0.000000 0.000000 1.000000 0.000001 0.000000 0.000000 0.000000 0.000000 1.000000 -96.990631 0.000000 0.000000 0.000000 1.000000
0.000001 -1.000000 0.000000 -0.000000 1.000000 0.000001 0.000000 0.000000 -0.000000 0.000000 1.000000 -96.990631 0.000000 0.000000 0.000000 1.000000
0.000001 -1.000000 0.000000 0.000000 1.000000 0.000001 -0.000000 -0.000000 0.000000 0.000000 1.000000 -96.990631 0.000000 0.000000 0.000000 1.000000
0.000001 -1.000000 0.000000 -0.000000 1.000000 0.000001 -0.000000 0.000000 -0.000000 -0.000000 1.000000 -96.990631 0.000000 0.000000 0.000000 1.000000
0.000001 -1.000000 -0.000000 0.000000 1.000000 0.000001 -0.000000 -0.000000 0.000000 -0.000000 1.000000 -96.990631 0.000000 0.000000 0.000000 1.000000
0.000001 -1.000000 0.000000 0.000000 1.000000 0.000001 0.000000 0.000000 0.000000 0.000000 1.000000 -96.990631 0.000000 0.000000 0.000000 1.000000
0.000001 -1.000000 0.000000 0.000000 1.000000 0.000001 0.000000 0.000000 -0.000000 0.000000 1.000000 -96.990631 0.000000 0.000000 0.000000 1.000000
0.000001 -1.000000 0.000000 0.000000 1.000000 0.000001 -0.000000 0.000000 0.000000 0.000000 1.000000 -96.990631 0.000000 0.000000 0.000000 1.000000
0.000001 -1.000000 0.000000 -0.000000 1.000000 0.000001 -0.000000 0.000000 -0.000000 0.000000 1.000000 -96.990631 0.000000 0.000000 0.000000 1.000000
0.000001 -1.000000 0.000000 0.000000 1.000000 0.000001 -0.000000 0.000000 -0.000000 0.000000 1.000000 -96.990631 0.000000 0.000000 0.000000 1.000000
0.000001 -1.000000 0.000000 0.000000 1.000000 0.000001 0.000000 0.000000 -0.000000 0.000000 1.000000 -96.990631 0.000000 0.000000 0.000000 1.000000
0.000001 -1.000000 -0.000000 0.000000 1.000000 0.000001 0.000000 0.000000 0.000000 0.000000 1.000000 -96.990631 0.000000 0.000000 0.000000 1.000000
0.000001 -1.000000 0.000000 -0.000000 1.000000 0.000001 0.000000 -0.000000 0.000000 0.000000 1.000000 -96.990631 0.000000 0.000000 0.000000 1.000000
0.000001 -1.000000 0.000000 -0.000000 1.000000 0.000001 0.000000 0.000000 0.000000 -0.000000 1.000000 -96.990631 0.000000 0.000000 0.000000 1.000000
0.000001 -1.000000 0.000000 0.000000 1.000000 0.000001 0.000000 0.000000 0.000000 0.000000 1.000000 -96.990631 0.000000 0.000000 0.000000 1.000000
0.000001 -1.000000 0.000000 0.000000 1.000000 0.000001 -0.000000 -0.000000 0.000000 0.000000 1.000000 -96.990631 0.000000 0.000000 0.000000 1.000000
0.000001 -1.000000 0.000000 0.000000 1.000000 0.000001 0.000000 0.000000 -0.000000 -0.000000 1.000000 -96.990631 0.000000 0.000000 0.000000 1.000000
0.000001 -1.000000 0.000000 -0.000000 1.000000 0.000001 0.000000 0.000000 0.000000 0.000000 1.000000 -96.990631 0.000000 0.000000 0.000000 1.000000
0.000001 -1.000000 0.000000 -0.000000 1.000000 0.000001 0.000000 0.000000 0.000000 0.000000 1.000000 -96.990631 0.000000 0.000000 0.000000 1.000000
0.000001 -1.000000 0.000000 0.000000 1.000000 0.000001 0.000000 0.000000 -0.000000 0.000000 1.000000 -96.990631 0.000000 0.000000 0.000000 1.000000
0.000001 -1.000000 0.000000 0.000000 1.000000 0.000001 0.000000 0.000000 0.000000 0.000000 1.000000 -96.990631 0.000000 0.000000 0.000000 1.000000
0.000001 -1.000000 0.000000 0.000000 1.000000 0.000001 0.000000 0.000000 0.000000 0.000000 1.000000 -96.990631 0.000000 0.000000 0.000000 1.000000
0.000001 -1.000000 0.000000 0.000000 1.000000 0.000001 0.000000 0.000000 0.000000 -0.000000 1.000000 -96.990631 0.000000 0.000000 0.000000 1.000000</float_array><technique_common><accessor source="#Bip001 Footsteps-Matrix-animation-output-transform-array" count="41" stride="16"><param type="float4x4"/></accessor></technique_common></source><source id="Bip001 Footsteps-Interpolations"><Name_array id="Bip001 Footsteps-Interpolations-array" count="41">
 LINEAR LINEAR LINEAR LINEAR LINEAR LINEAR LINEAR LINEAR LINEAR LINEAR LINEAR
LINEAR LINEAR LINEAR LINEAR LINEAR LINEAR LINEAR LINEAR LINEAR LINEAR LINEAR LINEAR
LINEAR LINEAR LINEAR LINEAR LINEAR LINEAR LINEAR LINEAR LINEAR LINEAR LINEAR LINEAR
LINEAR LINEAR LINEAR LINEAR LINEAR LINEAR</Name_array><technique_common><accessor source="#Bip001 Footsteps-Interpolations-array" count="41"><param type="name"/></accessor></technique_common></source><sampler id="Bip001 Footsteps-Matrix-animation-transform"><input semantic="INPUT" source="#Bip001 Footsteps-Matrix-animation-input"/><input semantic="OUTPUT" source="#Bip001 Footsteps-Matrix-animation-output-transform"/><input semantic="INTERPOLATION" source="#Bip001 Footsteps-Interpolations"/></sampler><channel source="#Bip001 Footsteps-Matrix-animation-transform" target="Bip001 Footsteps/matrix"/></animation></animation>
    <animation id="Bip001 Pelvis-anim" name="Bip001 Pelvis"><animation><source id="Bip001 Pelvis-Matrix-animation-input"><float_array id="Bip001 Pelvis-Matrix-animation-input-array" count="41">

0.000000 0.033333 0.066667 0.100000 0.133333 0.166667 0.200000 0.233333 0.266667 0.300000 0.333333 0.366667 0.400000 0.433333 0.466667 0.500000
0.533333 0.566667 0.600000 0.633333 0.666667 0.700000 0.733333 0.766667 0.800000 0.833333 0.866667 0.900000 0.933333 0.966667 1.000000 1.033333
1.066667 1.100000 1.133333 1.166667 1.200000 1.233333 1.266667 1.300000 1.333333</float_array><technique_common><accessor source="#Bip001 Pelvis-Matrix-animation-input-array" count="41"><param name="TIME" type="float"/></accessor></technique_common></source><source id="Bip001 Pelvis-Matrix-animation-output-transform"><float_array id="Bip001 Pelvis-Matrix-animation-output-transform-array" count="656">

0.000000 1.000000 -0.000001 0.000000 -0.000000 0.000001 1.000000 0.000000 1.000000 -0.000000 0.000000 0.000000 0.000000 0.000000 0.000000 1.000000
0.000000 1.000000 -0.000001 0.000000 -0.000000 0.000001 1.000000 0.000000 1.000000 -0.000000 0.000000 0.000000 0.000000 0.000000 0.000000 1.000000
0.000000 1.000000 -0.000001 0.000000 -0.000000 0.000001 1.000000 0.000000 1.000000 -0.000000 0.000000 0.000000 0.000000 0.000000 0.000000 1.000000
0.000000 1.000000 -0.000001 0.000000 -0.000000 0.000001 1.000000 0.000000 1.000000 -0.000000 0.000000 0.000000 0.000000 0.000000 0.000000 1.000000
0.000000 1.000000 -0.000001 0.000000 -0.000000 0.000001 1.000000 0.000000 1.000000 -0.000000 0.000000 0.000000 0.000000 0.000000 0.000000 1.000000
0.000000 1.000000 -0.000001 0.000000 -0.000000 0.000001 1.000000 0.000000 1.000000 -0.000000 0.000000 0.000000 0.000000 0.000000 0.000000 1.000000
0.000000 1.000000 -0.000001 0.000000 -0.000000 0.000001 1.000000 0.000000 1.000000 -0.000000 0.000000 0.000000 0.000000 0.000000 0.000000 1.000000
0.000000 1.000000 -0.000001 0.000000 -0.000000 0.000001 1.000000 0.000000 1.000000 -0.000000 0.000000 0.000000 0.000000 0.000000 0.000000 1.000000
0.000000 1.000000 -0.000001 0.000000 -0.000000 0.000001 1.000000 0.000000 1.000000 -0.000000 0.000000 0.000000 0.000000 0.000000 0.000000 1.000000
0.000000 1.000000 -0.000001 0.000000 -0.000000 0.000001 1.000000 0.000000 1.000000 -0.000000 0.000000 0.000000 0.000000 0.000000 0.000000 1.000000
0.000000 1.000000 -0.000001 0.000000 -0.000000 0.000001 1.000000 0.000000 1.000000 -0.000000 0.000000 0.000000 0.000000 0.000000 0.000000 1.000000
0.000000 1.000000 -0.000001 0.000000 -0.000000 0.000001 1.000000 0.000000 1.000000 -0.000000 0.000000 0.000000 0.000000 0.000000 0.000000 1.000000
0.000000 1.000000 -0.000001 0.000000 -0.000000 0.000001 1.000000 0.000000 1.000000 -0.000000 0.000000 0.000000 0.000000 0.000000 0.000000 1.000000
0.000000 1.000000 -0.000001 0.000000 -0.000000 0.000001 1.000000 0.000000 1.000000 -0.000000 0.000000 0.000000 0.000000 0.000000 0.000000 1.000000
0.000000 1.000000 -0.000001 0.000000 -0.000000 0.000001 1.000000 0.000000 1.000000 -0.000000 0.000000 0.000000 0.000000 0.000000 0.000000 1.000000
0.000000 1.000000 -0.000001 0.000000 -0.000000 0.000001 1.000000 0.000000 1.000000 -0.000000 0.000000 0.000000 0.000000 0.000000 0.000000 1.000000
0.000000 1.000000 -0.000001 0.000000 -0.000000 0.000001 1.000000 0.000000 1.000000 -0.000000 0.000000 0.000000 0.000000 0.000000 0.000000 1.000000
0.000000 1.000000 -0.000001 0.000000 -0.000000 0.000001 1.000000 0.000000 1.000000 -0.000000 0.000000 0.000000 0.000000 0.000000 0.000000 1.000000
0.000000 1.000000 -0.000001 0.000000 -0.000000 0.000001 1.000000 0.000000 1.000000 -0.000000 0.000000 0.000000 0.000000 0.000000 0.000000 1.000000
0.000000 1.000000 -0.000001 0.000000 -0.000000 0.000001 1.000000 0.000000 1.000000 -0.000000 0.000000 0.000000 0.000000 0.000000 0.000000 1.000000
0.000000 1.000000 -0.000001 0.000000 -0.000000 0.000001 1.000000 0.000000 1.000000 -0.000000 0.000000 0.000000 0.000000 0.000000 0.000000 1.000000
0.000000 1.000000 -0.000001 0.000000 -0.000000 0.000001 1.000000 0.000000 1.000000 -0.000000 0.000000 0.000000 0.000000 0.000000 0.000000 1.000000
0.000000 1.000000 -0.000001 0.000000 -0.000000 0.000001 1.000000 0.000000 1.000000 -0.000000 0.000000 0.000000 0.000000 0.000000 0.000000 1.000000
0.000000 1.000000 -0.000001 0.000000 -0.000000 0.000001 1.000000 0.000000 1.000000 -0.000000 0.000000 0.000000 0.000000 0.000000 0.000000 1.000000
0.000000 1.000000 -0.000001 0.000000 -0.000000 0.000001 1.000000 0.000000 1.000000 -0.000000 0.000000 0.000000 0.000000 0.000000 0.000000 1.000000
0.000000 1.000000 -0.000001 0.000000 -0.000000 0.000001 1.000000 0.000000 1.000000 -0.000000 0.000000 0.000000 0.000000 0.000000 0.000000 1.000000
0.000000 1.000000 -0.000001 0.000000 -0.000000 0.000001 1.000000 0.000000 1.000000 -0.000000 0.000000 0.000000 0.000000 0.000000 0.000000 1.000000
0.000000 1.000000 -0.000001 0.000000 -0.000000 0.000001 1.000000 0.000000 1.000000 -0.000000 0.000000 0.000000 0.000000 0.000000 0.000000 1.000000
0.000000 1.000000 -0.000001 0.000000 -0.000000 0.000001 1.000000 0.000000 1.000000 -0.000000 0.000000 0.000000 0.000000 0.000000 0.000000 1.000000
0.000000 1.000000 -0.000001 0.000000 -0.000000 0.000001 1.000000 0.000000 1.000000 -0.000000 0.000000 0.000000 0.000000 0.000000 0.000000 1.000000
0.000000 1.000000 -0.000001 0.000000 -0.000000 0.000001 1.000000 0.000000 1.000000 -0.000000 0.000000 0.000000 0.000000 0.000000 0.000000 1.000000
0.000000 1.000000 -0.000001 0.000000 -0.000000 0.000001 1.000000 0.000000 1.000000 -0.000000 0.000000 0.000000 0.000000 0.000000 0.000000 1.000000
0.000000 1.000000 -0.000001 0.000000 -0.000000 0.000001 1.000000 0.000000 1.000000 -0.000000 0.000000 0.000000 0.000000 0.000000 0.000000 1.000000
0.000000 1.000000 -0.000001 0.000000 -0.000000 0.000001 1.000000 0.000000 1.000000 -0.000000 0.000000 0.000000 0.000000 0.000000 0.000000 1.000000
0.000000 1.000000 -0.000001 0.000000 -0.000000 0.000001 1.000000 0.000000 1.000000 -0.000000 0.000000 0.000000 0.000000 0.000000 0.000000 1.000000
0.000000 1.000000 -0.000001 0.000000 -0.000000 0.000001 1.000000 0.000000 1.000000 -0.000000 0.000000 0.000000 0.000000 0.000000 0.000000 1.000000
0.000000 1.000000 -0.000001 0.000000 -0.000000 0.000001 1.000000 0.000000 1.000000 -0.000000 0.000000 0.000000 0.000000 0.000000 0.000000 1.000000
0.000000 1.000000 -0.000001 0.000000 -0.000000 0.000001 1.000000 0.000000 1.000000 -0.000000 0.000000 0.000000 0.000000 0.000000 0.000000 1.000000
0.000000 1.000000 -0.000001 0.000000 -0.000000 0.000001 1.000000 0.000000 1.000000 -0.000000 0.000000 0.000000 0.000000 0.000000 0.000000 1.000000
0.000000 1.000000 -0.000001 0.000000 -0.000000 0.000001 1.000000 0.000000 1.000000 -0.000000 0.000000 0.000000 0.000000 0.000000 0.000000 1.000000
0.000000 1.000000 -0.000001 0.000000 -0.000000 0.000001 1.000000 0.000000 1.000000 -0.000000 0.000000 0.000000 0.000000 0.000000 0.000000 1.000000</float_array><technique_common><accessor source="#Bip001 Pelvis-Matrix-animation-output-transform-array" count="41" stride="16"><param type="float4x4"/></accessor></technique_common></source><source id="Bip001 Pelvis-Interpolations"><Name_array id="Bip001 Pelvis-Interpolations-array" count="41">
 LINEAR LINEAR LINEAR LINEAR LINEAR LINEAR LINEAR LINEAR LINEAR LINEAR LINEAR
LINEAR LINEAR LINEAR LINEAR LINEAR LINEAR LINEAR LINEAR LINEAR LINEAR LINEAR LINEAR
LINEAR LINEAR LINEAR LINEAR LINEAR LINEAR LINEAR LINEAR LINEAR LINEAR LINEAR LINEAR
LINEAR LINEAR LINEAR LINEAR LINEAR LINEAR</Name_array><technique_common><accessor source="#Bip001 Pelvis-Interpolations-array" count="41"><param type="name"/></accessor></technique_common></source><sampler id="Bip001 Pelvis-Matrix-animation-transform"><input semantic="INPUT" source="#Bip001 Pelvis-Matrix-animation-input"/><input semantic="OUTPUT" source="#Bip001 Pelvis-Matrix-animation-output-transform"/><input semantic="INTERPOLATION" source="#Bip001 Pelvis-Interpolations"/></sampler><channel source="#Bip001 Pelvis-Matrix-animation-transform" target="Bip001 Pelvis/matrix"/></animation></animation>
    <animation id="Bip001 Spine-anim" name="Bip001 Spine"><animation><source id="Bip001 Spine-Matrix-animation-input"><float_array id="Bip001 Spine-Matrix-animation-input-array" count="41">

0.000000 0.033333 0.066667 0.100000 0.133333 0.166667 0.200000 0.233333 0.266667 0.300000 0.333333 0.366667 0.400000 0.433333 0.466667 0.500000
0.533333 0.566667 0.600000 0.633333 0.666667 0.700000 0.733333 0.766667 0.800000 0.833333 0.866667 0.900000 0.933333 0.966667 1.000000 1.033333
1.066667 1.100000 1.133333 1.166667 1.200000 1.233333 1.266667 1.300000 1.333333</float_array><technique_common><accessor source="#Bip001 Spine-Matrix-animation-input-array" count="41"><param name="TIME" type="float"/></accessor></technique_common></source><source id="Bip001 Spine-Matrix-animation-output-transform"><float_array id="Bip001 Spine-Matrix-animation-output-transform-array" count="656">

0.999861 -0.015060 -0.007084 10.048552 0.014900 0.999644 -0.022137 -0.012056 0.007415 0.022028 0.999730 0.000016 0.000000 0.000000 0.000000 1.000000
0.999853 -0.015654 -0.006918 10.048543 0.015469 0.999538 -0.026146 -0.012055 0.007324 0.026035 0.999634 0.000012 0.000000 0.000000 0.000000 1.000000
0.999843 -0.016338 -0.006850 10.048549 0.016116 0.999376 -0.031424 -0.012056 0.007359 0.031309 0.999482 0.000018 0.000000 0.000000 0.000000 1.000000
0.999831 -0.017075 -0.006831 10.048584 0.016807 0.999158 -0.037426 -0.012058 0.007464 0.037305 0.999276 0.000014 0.000000 0.000000 0.000000 1.000000
0.999818 -0.017824 -0.006818 10.048542 0.017510 0.998895 -0.043608 -0.012056 0.007588 0.043480 0.999025 0.000014 0.000000 0.000000 0.000000 1.000000
0.999805 -0.018548 -0.006768 10.048547 0.018191 0.998612 -0.049426 -0.012056 0.007676 0.049293 0.998755 0.000015 0.000000 0.000000 0.000000 1.000000
0.999793 -0.019204 -0.006642 10.048545 0.018815 0.998345 -0.054336 -0.012055 0.007675 0.054200 0.998501 0.000015 0.000000 0.000000 0.000000 1.000000
0.999784 -0.019752 -0.006402 10.048543 0.019350 0.998141 -0.057796 -0.012053 0.007531 0.057660 0.998308 0.000017 0.000000 0.000000 0.000000 1.000000
0.999779 -0.020152 -0.006010 10.048547 0.019761 0.998047 -0.059263 -0.012054 0.007193 0.059131 0.998224 0.000018 0.000000 0.000000 0.000000 1.000000
0.999778 -0.020364 -0.005429 10.048582 0.020014 0.998105 -0.058194 -0.012056 0.006604 0.058073 0.998291 0.000013 0.000000 0.000000 0.000000 1.000000
0.999782 -0.020356 -0.004622 10.048583 0.020077 0.998336 -0.054046 -0.012057 0.005714 0.053942 0.998528 0.000015 0.000000 0.000000 0.000000 1.000000
0.999793 -0.020058 -0.003481 10.048579 0.019876 0.998744 -0.046002 -0.012057 0.004399 0.045923 0.998935 0.000011 0.000000 0.000000 0.000000 1.000000
0.999808 -0.019486 -0.001983 10.048546 0.019407 0.999227 -0.034172 -0.012054 0.002647 0.034127 0.999414 0.000010 0.000000 0.000000 0.000000 1.000000
0.999824 -0.018743 -0.000207 10.048542 0.018736 0.999636 -0.019399 -0.012056 0.000570 0.019391 0.999812 0.000018 0.000000 0.000000 0.000000 1.000000
0.999838 -0.017925 0.001768 10.048558 0.017929 0.999836 -0.002529 -0.012056 -0.001722 0.002560 0.999995 0.000016 0.000000 0.000000 0.000000 1.000000
0.999846 -0.017117 0.003852 10.048560 0.017055 0.999733 0.015588 -0.012057 -0.004117 -0.015520 0.999871 0.000026 0.000000 0.000000 0.000000 1.000000
0.999848 -0.016391 0.005951 10.048579 0.016179 0.999287 0.034101 -0.012065 -0.006506 -0.033999 0.999401 0.000031 0.000000 0.000000 0.000000 1.000000
0.999843 -0.015806 0.007964 10.048543 0.015370 0.998520 0.052159 -0.012053 -0.008777 -0.052028 0.998607 0.000028 0.000000 0.000000 0.000000 1.000000
0.999833 -0.015403 0.009783 10.048547 0.014693 0.997514 0.068916 -0.012051 -0.010820 -0.068761 0.997574 0.000005 0.000000 0.000000 0.000000 1.000000
0.999820 -0.015213 0.011290 10.048540 0.014217 0.996403 0.083532 -0.012047 -0.012520 -0.083357 0.996441 0.000023 0.000000 0.000000 0.000000 1.000000
0.999807 -0.015255 0.012376 10.048512 0.014009 0.995362 0.095172 -0.012058 -0.013770 -0.094980 0.995384 0.000011 0.000000 0.000000 0.000000 1.000000
0.999793 -0.015566 0.013109 10.048579 0.014104 0.994366 0.105061 -0.012054 -0.014671 -0.104854 0.994379 0.000024 0.000000 0.000000 0.000000 1.000000
0.999777 -0.016121 0.013639 10.048540 0.014451 0.993289 0.114747 -0.012058 -0.015398 -0.114524 0.993301 0.000024 0.000000 0.000000 0.000000 1.000000
0.999761 -0.016849 0.013965 10.048543 0.014991 0.992183 0.123887 -0.012054 -0.015944 -0.123648 0.992198 0.000007 0.000000 0.000000 0.000000 1.000000
0.999744 -0.017677 0.014087 10.048582 0.015662 0.991107 0.132139 -0.012058 -0.016297 -0.131885 0.991131 0.000016 0.000000 0.000000 0.000000 1.000000
0.999730 -0.018532 0.014014 10.048551 0.016404 0.990134 0.139161 -0.012060 -0.016455 -0.138893 0.990170 0.000014 0.000000 0.000000 0.000000 1.000000
0.999718 -0.019346 0.013757 10.048567 0.017155 0.989340 0.144613 -0.012052 -0.016408 -0.144336 0.989393 0.000015 0.000000 0.000000 0.000000 1.000000
0.999710 -0.020049 0.013327 10.048577 0.017855 0.988803 0.148156 -0.012053 -0.016148 -0.147875 0.988874 0.000014 0.000000 0.000000 0.000000 1.000000
0.999707 -0.020577 0.012740 10.048546 0.018444 0.988597 0.149449 -0.012061 -0.015670 -0.149170 0.988687 0.000011 0.000000 0.000000 0.000000 1.000000
0.999710 -0.020867 0.012008 10.048548 0.018860 0.988785 0.148151 -0.012059 -0.014965 -0.147881 0.988892 0.000012 0.000000 0.000000 0.000000 1.000000
0.999720 -0.020861 0.011140 10.048553 0.019042 0.989406 0.143919 -0.012054 -0.014024 -0.143666 0.989527 0.000019 0.000000 0.000000 0.000000 1.000000
0.999738 -0.020559 0.010058 10.048580 0.019000 0.990517 0.136070 -0.012067 -0.012760 -0.135844 0.990648 0.000014 0.000000 0.000000 0.000000 1.000000
0.999761 -0.020042 0.008699 10.048546 0.018803 0.992032 0.124576 -0.012046 -0.011126 -0.124383 0.992172 0.000010 0.000000 0.000000 0.000000 1.000000
0.999787 -0.019375 0.007100 10.048581 0.018477 0.993752 0.110065 -0.012055 -0.009188 -0.109910 0.993899 0.000014 0.000000 0.000000 0.000000 1.000000
0.999813 -0.018624 0.005300 10.048579 0.018050 0.995487 0.093170 -0.012062 -0.007011 -0.093057 0.995636 0.000018 0.000000 0.000000 0.000000 1.000000
0.999835 -0.017847 0.003339 10.048546 0.017549 0.997064 0.074529 -0.012067 -0.004659 -0.074458 0.997213 0.000037 0.000000 0.000000 0.000000 1.000000
0.999853 -0.017097 0.001267 10.048586 0.017002 0.998353 0.054788 -0.012060 -0.002202 -0.054758 0.998497 0.000025 0.000000 0.000000 0.000000 1.000000
0.999865 -0.016415 -0.000868 10.048548 0.016436 0.999266 0.034596 -0.012063 0.000299 -0.034606 0.999401 0.000015 0.000000 0.000000 0.000000 1.000000
0.999870 -0.015836 -0.003012 10.048541 0.015878 0.999767 0.014609 -0.012059 0.002779 -0.014655 0.999889 0.000015 0.000000 0.000000 0.000000 1.000000
0.999869 -0.015381 -0.005104 10.048545 0.015357 0.999872 -0.004520 -0.012050 0.005173 0.004441 0.999977 0.000012 0.000000 0.000000 0.000000 1.000000
0.999861 -0.015061 -0.007084 10.048544 0.014901 0.999644 -0.022137 -0.012048 0.007414 0.022028 0.999730 0.000012 0.000000 0.000000 0.000000 1.000000</float_array><technique_common><accessor source="#Bip001 Spine-Matrix-animation-output-transform-array" count="41" stride="16"><param type="float4x4"/></accessor></technique_common></source><source id="Bip001 Spine-Interpolations"><Name_array id="Bip001 Spine-Interpolations-array" count="41">
 LINEAR LINEAR LINEAR LINEAR LINEAR LINEAR LINEAR LINEAR LINEAR LINEAR LINEAR
LINEAR LINEAR LINEAR LINEAR LINEAR LINEAR LINEAR LINEAR LINEAR LINEAR LINEAR LINEAR
LINEAR LINEAR LINEAR LINEAR LINEAR LINEAR LINEAR LINEAR LINEAR LINEAR LINEAR LINEAR
LINEAR LINEAR LINEAR LINEAR LINEAR LINEAR</Name_array><technique_common><accessor source="#Bip001 Spine-Interpolations-array" count="41"><param type="name"/></accessor></technique_common></source><sampler id="Bip001 Spine-Matrix-animation-transform"><input semantic="INPUT" source="#Bip001 Spine-Matrix-animation-input"/><input semantic="OUTPUT" source="#Bip001 Spine-Matrix-animation-output-transform"/><input semantic="INTERPOLATION" source="#Bip001 Spine-Interpolations"/></sampler><channel source="#Bip001 Spine-Matrix-animation-transform" target="Bip001 Spine/matrix"/></animation></animation>
    <animation id="Bip001 Spine1-anim" name="Bip001 Spine1"><animation><source id="Bip001 Spine1-Matrix-animation-input"><float_array id="Bip001 Spine1-Matrix-animation-input-array" count="41">

0.000000 0.033333 0.066667 0.100000 0.133333 0.166667 0.200000 0.233333 0.266667 0.300000 0.333333 0.366667 0.400000 0.433333 0.466667 0.500000
0.533333 0.566667 0.600000 0.633333 0.666667 0.700000 0.733333 0.766667 0.800000 0.833333 0.866667 0.900000 0.933333 0.966667 1.000000 1.033333
1.066667 1.100000 1.133333 1.166667 1.200000 1.233333 1.266667 1.300000 1.333333</float_array><technique_common><accessor source="#Bip001 Spine1-Matrix-animation-input-array" count="41"><param name="TIME" type="float"/></accessor></technique_common></source><source id="Bip001 Spine1-Matrix-animation-output-transform"><float_array id="Bip001 Spine1-Matrix-animation-output-transform-array" count="656">

0.999503 -0.028754 -0.012887 15.145644 0.028154 0.998608 -0.044594 -0.012060 0.014152 0.044209 0.998922 -0.000003 0.000000 0.000000 0.000000 1.000000
0.999473 -0.029901 -0.012607 15.145638 0.029208 0.998221 -0.051969 -0.012060 0.014139 0.051574 0.998569 -0.000001 0.000000 0.000000 0.000000 1.000000
0.999436 -0.031209 -0.012435 15.145644 0.030397 0.997684 -0.060859 -0.012060 0.014306 0.060447 0.998069 -0.000000 0.000000 0.000000 0.000000 1.000000
0.999392 -0.032612 -0.012310 15.145646 0.031664 0.997001 -0.070612 -0.012062 0.014576 0.070179 0.997428 -0.000001 0.000000 0.000000 0.000000 1.000000
0.999346 -0.034039 -0.012175 15.145650 0.032950 0.996204 -0.080574 -0.012060 0.014872 0.080120 0.996674 -0.000001 0.000000 0.000000 0.000000 1.000000
0.999301 -0.035418 -0.011981 15.145641 0.034197 0.995346 -0.090094 -0.012060 0.015116 0.089622 0.995861 0.000000 0.000000 0.000000 0.000000 1.000000
0.999259 -0.036674 -0.011683 15.145644 0.035348 0.994507 -0.098525 -0.012061 0.015232 0.098039 0.995066 0.000000 0.000000 0.000000 0.000000 1.000000
0.999225 -0.037733 -0.011241 15.145639 0.036344 0.993785 -0.105218 -0.012060 0.015141 0.104728 0.994386 -0.000001 0.000000 0.000000 0.000000 1.000000
0.999201 -0.038519 -0.010621 15.145639 0.037127 0.993290 -0.109528 -0.012060 0.014768 0.109046 0.993927 -0.000001 0.000000 0.000000 0.000000 1.000000
0.999193 -0.038961 -0.009785 15.145634 0.037640 0.993128 -0.110810 -0.012059 0.014035 0.110352 0.993793 -0.000002 0.000000 0.000000 0.000000 1.000000
0.999202 -0.038995 -0.008694 15.145648 0.037824 0.993386 -0.108417 -0.012061 0.012864 0.108001 0.994068 -0.000001 0.000000 0.000000 0.000000 1.000000
0.999233 -0.038484 -0.007213 15.145651 0.037555 0.994125 -0.101514 -0.012061 0.011077 0.101165 0.994808 -0.000003 0.000000 0.000000 0.000000 1.000000
0.999284 -0.037452 -0.005298 15.145646 0.036821 0.995233 -0.090303 -0.012064 0.008655 0.090043 0.995900 -0.000002 0.000000 0.000000 0.000000 1.000000
0.999345 -0.036073 -0.003039 15.145639 0.035740 0.996490 -0.075694 -0.012063 0.005759 0.075536 0.997126 -0.000001 0.000000 0.000000 0.000000 1.000000
