<?xml version="1.0" encoding="utf-8"?>
<COLLADA xmlns="http://www.collada.org/2005/11/COLLADASchema" version="1.4.1">
  <asset><contributor><author></author><authoring_tool>FBX COLLADA exporter</authoring_tool><comments></comments></contributor><created>2013-08-05T12:00:32Z</created><keywords></keywords><modified>2013-08-05T12:00:32Z</modified><revision></revision><subject></subject><title></title><unit meter="0.010000" name="centimeter"></unit><up_axis>Y_UP</up_axis></asset>
  <library_geometries>
    <geometry id="Plane-lib" name="PlaneMesh">
      <mesh>
        <source id="Plane-POSITION">
          <float_array id="Plane-POSITION-array" count="12">
-100.000000 0.000000 100.000000
100.000000 0.000000 100.000000
100.000000 0.000000 -100.000000
-100.000000 0.000000 -100.000000
</float_array>
          <technique_common>
            <accessor source="#Plane-POSITION-array" count="4" stride="3">
              <param name="X" type="float"/>
              <param name="Y" type="float"/>
              <param name="Z" type="float"/>
            </accessor>
          </technique_common>
        </source>
        <source id="Plane-Normal0">
          <float_array id="Plane-Normal0-array" count="12">
0.000000 1.000000 0.000000
0.000000 1.000000 0.000000
0.000000 1.000000 0.000000
0.000000 1.000000 0.000000
</float_array>
          <technique_common>
            <accessor source="#Plane-Normal0-array" count="4" stride="3">
              <param name="X" type="float"/>
              <param name="Y" type="float"/>
              <param name="Z" type="float"/>
            </accessor>
          </technique_common>
        </source>
        <source id="Plane-UV0">
          <float_array id="Plane-UV0-array" count="8">
0.000000 0.000000
1.000000 0.000000
1.000000 1.000000
0.000000 1.000000
</float_array>
          <technique_common>
            <accessor source="#Plane-UV0-array" count="4" stride="2">
              <param name="S" type="float"/>
              <param name="T" type="float"/>
            </accessor>
          </technique_common>
        </source>
        <vertices id="Plane-VERTEX">
          <input semantic="POSITION" source="#Plane-POSITION"/>
          <input semantic="NORMAL" source="#Plane-Normal0"/>
          <input semantic="TEXCOORD" source="#Plane-UV0"/>
        </vertices>
        <triangles count="2"><input semantic="VERTEX" offset="0" source="#Plane-VERTEX"/><p> 1 2 0 0 2 3</p></triangles>
      </mesh>
    </geometry>
    <geometry id="Plane 1-lib" name="Plane 1Mesh">
      <mesh>
        <source id="Plane 1-POSITION">
          <float_array id="Plane 1-POSITION-array" count="12">
-100.000000 0.000000 100.000000
100.000000 0.000000 100.000000
100.000000 0.000000 -100.000000
-100.000000 0.000000 -100.000000
</float_array>
          <technique_common>
            <accessor source="#Plane 1-POSITION-array" count="4" stride="3">
              <param name="X" type="float"/>
              <param name="Y" type="float"/>
              <param name="Z" type="float"/>
            </accessor>
          </technique_common>
        </source>
        <source id="Plane 1-Normal0">
          <float_array id="Plane 1-Normal0-array" count="12">
0.000000 1.000000 0.000000
0.000000 1.000000 0.000000
0.000000 1.000000 0.000000
0.000000 1.000000 0.000000
</float_array>
          <technique_common>
            <accessor source="#Plane 1-Normal0-array" count="4" stride="3">
              <param name="X" type="float"/>
              <param name="Y" type="float"/>
              <param name="Z" type="float"/>
            </accessor>
          </technique_common>
        </source>
        <source id="Plane 1-UV0">
          <float_array id="Plane 1-UV0-array" count="8">
0.000000 0.000000
1.000000 0.000000
1.000000 1.000000
0.000000 1.000000
</float_array>
          <technique_common>
            <accessor source="#Plane 1-UV0-array" count="4" stride="2">
              <param name="S" type="float"/>
              <param name="T" type="float"/>
            </accessor>
          </technique_common>
        </source>
        <vertices id="Plane 1-VERTEX">
          <input semantic="POSITION" source="#Plane 1-POSITION"/>
          <input semantic="NORMAL" source="#Plane 1-Normal0"/>
          <input semantic="TEXCOORD" source="#Plane 1-UV0"/>
        </vertices>
        <triangles count="2"><input semantic="VERTEX" offset="0" source="#Plane 1-VERTEX"/><p> 1 2 0 0 2 3</p></triangles>
      </mesh>
    </geometry>
  </library_geometries>
  <library_animations>
    <animation id="Bip001-anim" name="Bip001"><animation><source id="Bip001-Matrix-animation-input"><float_array id="Bip001-Matrix-animation-input-array" count="21">

0.000000 0.033333 0.066667 0.100000 0.133333 0.166667 0.200000 0.233333 0.266667 0.300000 0.333333 0.366667 0.400000 0.433333 0.466667 0.500000
0.533333 0.566667 0.600000 0.633333 0.666667</float_array><technique_common><accessor source="#Bip001-Matrix-animation-input-array" count="21"><param name="TIME" type="float"/></accessor></technique_common></source><source id="Bip001-Matrix-animation-output-transform"><float_array id="Bip001-Matrix-animation-output-transform-array" count="336">

-0.424732 0.903522 -0.057024 -0.000058 -0.489896 -0.176411 0.853746 83.456177 0.761318 0.390549 0.517559 -0.000002 0.000000 0.000000 0.000000 1.000000
-0.436953 0.897570 -0.058664 0.000001 -0.487467 -0.181487 0.854072 82.850922 0.755942 0.401786 0.516837 20.128489 0.000000 0.000000 0.000000 1.000000
-0.461032 0.885223 -0.061896 0.000062 -0.482429 -0.191488 0.854749 82.162170 0.744790 0.423927 0.515339 40.256969 0.000000 0.000000 0.000000 1.000000
-0.478764 0.875588 -0.064276 0.000124 -0.478498 -0.198853 0.855276 81.515152 0.736088 0.440231 0.514171 60.385468 0.000000 0.000000 0.000000 1.000000
-0.472885 0.878834 -0.063487 0.000175 -0.479822 -0.196412 0.855099 81.035118 0.739020 0.434826 0.514564 80.513939 0.000000 0.000000 0.000000 1.000000
-0.424733 0.903521 -0.057022 0.000211 -0.489894 -0.176412 0.853746 80.847275 0.761318 0.390549 0.517558 100.642441 0.000000 0.000000 0.000000 1.000000
-0.303154 0.952072 -0.040699 0.000229 -0.509703 -0.125915 0.851087 81.118584 0.805171 0.278755 0.523445 120.770935 0.000000 0.000000 0.000000 1.000000
-0.110328 0.993785 -0.014812 0.000231 -0.526722 -0.045825 0.848802 81.765572 0.842848 0.101448 0.528504 140.899414 0.000000 0.000000 0.000000 1.000000
0.110330 0.993785 0.014812 0.000222 -0.526722 0.045825 0.848802 82.537773 0.842848 -0.101450 0.528504 161.027893 0.000000 0.000000 0.000000 1.000000
0.303155 0.952072 0.040700 0.000213 -0.509704 0.125915 0.851087 83.184746 0.805171 -0.278756 0.523446 181.156387 0.000000 0.000000 0.000000 1.000000
0.424734 0.903521 0.057023 0.000206 -0.489895 0.176412 0.853746 83.456078 0.761317 -0.390550 0.517559 201.284897 0.000000 0.000000 0.000000 1.000000
0.484613 0.872306 0.065062 0.000212 -0.477160 0.201283 0.855456 83.184761 0.733123 -0.445609 0.513774 221.413376 0.000000 0.000000 0.000000 1.000000
0.513357 0.855403 0.068921 0.000220 -0.470264 0.213222 0.856382 82.537766 0.717856 -0.472040 0.511724 241.541855 0.000000 0.000000 0.000000 1.000000
0.513357 0.855404 0.068921 0.000225 -0.470264 0.213222 0.856382 81.765541 0.717856 -0.472040 0.511724 261.670319 0.000000 0.000000 0.000000 1.000000
0.484612 0.872306 0.065061 0.000223 -0.477160 0.201283 0.855456 81.118553 0.733123 -0.445609 0.513774 281.798798 0.000000 0.000000 0.000000 1.000000
0.424734 0.903521 0.057023 0.000206 -0.489895 0.176413 0.853746 80.847244 0.761318 -0.390550 0.517559 301.927307 0.000000 0.000000 0.000000 1.000000
0.314189 0.948423 0.042181 0.000170 -0.508215 0.130498 0.851287 81.035088 0.801875 -0.288901 0.523004 322.055817 0.000000 0.000000 0.000000 1.000000
0.147190 0.988911 0.019760 0.000120 -0.524734 0.061136 0.849069 81.515121 0.838445 -0.135344 0.527914 342.184296 0.000000 0.000000 0.000000 1.000000
-0.051853 0.998631 -0.006963 0.000063 -0.528699 -0.021536 0.848536 82.162117 0.847224 0.047680 0.529092 362.312683 0.000000 0.000000 0.000000 1.000000
-0.251635 0.967233 -0.033784 0.000003 -0.515889 -0.104515 0.850256 82.850868 0.818864 0.231383 0.525285 382.441254 0.000000 0.000000 0.000000 1.000000
-0.424732 0.903522 -0.057024 -0.000053 -0.489896 -0.176411 0.853746 83.456131 0.761318 0.390549 0.517559 402.569763 0.000000 0.000000 0.000000 1.000000</float_array><technique_common><accessor source="#Bip001-Matrix-animation-output-transform-array" count="21" stride="16"><param type="float4x4"/></accessor></technique_common></source><source id="Bip001-Interpolations"><Name_array id="Bip001-Interpolations-array" count="21">
 LINEAR LINEAR LINEAR LINEAR LINEAR LINEAR LINEAR LINEAR LINEAR LINEAR LINEAR
LINEAR LINEAR LINEAR LINEAR LINEAR LINEAR LINEAR LINEAR LINEAR LINEAR</Name_array><technique_common><accessor source="#Bip001-Interpolations-array" count="21"><param type="name"/></accessor></technique_common></source><sampler id="Bip001-Matrix-animation-transform"><input semantic="INPUT" source="#Bip001-Matrix-animation-input"/><input semantic="OUTPUT" source="#Bip001-Matrix-animation-output-transform"/><input semantic="INTERPOLATION" source="#Bip001-Interpolations"/></sampler><channel source="#Bip001-Matrix-animation-transform" target="Bip001/matrix"/></animation></animation>
    <animation id="Bip001 Footsteps-anim" name="Bip001 Footsteps"><animation><source id="Bip001 Footsteps-Matrix-animation-input"><float_array id="Bip001 Footsteps-Matrix-animation-input-array" count="21">

0.000000 0.033333 0.066667 0.100000 0.133333 0.166667 0.200000 0.233333 0.266667 0.300000 0.333333 0.366667 0.400000 0.433333 0.466667 0.500000
0.533333 0.566667 0.600000 0.633333 0.666667</float_array><technique_common><accessor source="#Bip001 Footsteps-Matrix-animation-input-array" count="21"><param name="TIME" type="float"/></accessor></technique_common></source><source id="Bip001 Footsteps-Matrix-animation-output-transform"><float_array id="Bip001 Footsteps-Matrix-animation-output-transform-array" count="336">

0.000001 -1.000000 -0.000000 0.000000 1.000000 0.000001 0.000000 -0.000000 0.000000 -0.000000 1.000000 -96.990631 0.000000 0.000000 0.000000 1.000000
0.000001 -1.000000 0.000000 0.000000 1.000000 0.000001 0.000000 0.000000 -0.000000 -0.000000 1.000000 -96.990631 0.000000 0.000000 0.000000 1.000000
0.000001 -1.000000 -0.000000 -0.000000 1.000000 0.000001 0.000000 -0.000000 0.000000 -0.000000 1.000000 -96.990631 0.000000 0.000000 0.000000 1.000000
0.000001 -1.000000 -0.000000 0.000000 1.000000 0.000001 0.000000 -0.000000 -0.000000 0.000000 1.000000 -96.990631 0.000000 0.000000 0.000000 1.000000
0.000001 -1.000000 -0.000000 0.000000 1.000000 0.000001 0.000000 -0.000000 0.000000 0.000000 1.000000 -96.990631 0.000000 0.000000 0.000000 1.000000
0.000001 -1.000000 0.000000 0.000000 1.000000 0.000001 -0.000000 0.000000 0.000000 -0.000000 1.000000 -96.990631 0.000000 0.000000 0.000000 1.000000
0.000001 -1.000000 -0.000000 0.000000 1.000000 0.000001 -0.000000 0.000000 0.000000 -0.000000 1.000000 -96.990631 0.000000 0.000000 0.000000 1.000000
0.000001 -1.000000 -0.000000 0.000000 1.000000 0.000001 -0.000000 -0.000000 0.000000 0.000000 1.000000 -96.990631 0.000000 0.000000 0.000000 1.000000
0.000001 -1.000000 0.000000 0.000000 1.000000 0.000001 0.000000 -0.000000 0.000000 0.000000 1.000000 -96.990631 0.000000 0.000000 0.000000 1.000000
0.000001 -1.000000 -0.000000 0.000000 1.000000 0.000001 0.000000 0.000000 0.000000 -0.000000 1.000000 -96.990631 0.000000 0.000000 0.000000 1.000000
0.000001 -1.000000 0.000000 -0.000000 1.000000 0.000001 -0.000000 0.000000 0.000000 0.000000 1.000000 -96.990631 0.000000 0.000000 0.000000 1.000000
0.000001 -1.000000 0.000000 0.000000 1.000000 0.000001 0.000000 0.000000 -0.000000 -0.000000 1.000000 -96.990631 0.000000 0.000000 0.000000 1.000000
0.000001 -1.000000 -0.000000 -0.000000 1.000000 0.000001 0.000000 0.000000 -0.000000 -0.000000 1.000000 -96.990631 0.000000 0.000000 0.000000 1.000000
0.000001 -1.000000 -0.000000 0.000000 1.000000 0.000001 0.000000 0.000000 -0.000000 0.000000 1.000000 -96.990631 0.000000 0.000000 0.000000 1.000000
0.000001 -1.000000 0.000000 -0.000000 1.000000 0.000001 0.000000 0.000000 -0.000000 0.000000 1.000000 -96.990631 0.000000 0.000000 0.000000 1.000000
0.000001 -1.000000 -0.000000 0.000000 1.000000 0.000001 -0.000000 0.000000 -0.000000 -0.000000 1.000000 -96.990631 0.000000 0.000000 0.000000 1.000000
0.000001 -1.000000 -0.000000 0.000000 1.000000 0.000001 0.000000 0.000000 -0.000000 0.000000 1.000000 -96.990631 0.000000 0.000000 0.000000 1.000000
0.000001 -1.000000 0.000000 -0.000000 1.000000 0.000001 -0.000000 0.000000 0.000000 0.000000 1.000000 -96.990631 0.000000 0.000000 0.000000 1.000000
0.000001 -1.000000 -0.000000 -0.000000 1.000000 0.000001 -0.000000 -0.000000 0.000000 -0.000000 1.000000 -96.990631 0.000000 0.000000 0.000000 1.000000
0.000001 -1.000000 0.000000 0.000000 1.000000 0.000001 0.000000 0.000000 -0.000000 0.000000 1.000000 -96.990631 0.000000 0.000000 0.000000 1.000000
0.000001 -1.000000 0.000000 0.000000 1.000000 0.000001 0.000000 0.000000 0.000000 -0.000000 1.000000 -96.990631 0.000000 0.000000 0.000000 1.000000</float_array><technique_common><accessor source="#Bip001 Footsteps-Matrix-animation-output-transform-array" count="21" stride="16"><param type="float4x4"/></accessor></technique_common></source><source id="Bip001 Footsteps-Interpolations"><Name_array id="Bip001 Footsteps-Interpolations-array" count="21">
 LINEAR LINEAR LINEAR LINEAR LINEAR LINEAR LINEAR LINEAR LINEAR LINEAR LINEAR
LINEAR LINEAR LINEAR LINEAR LINEAR LINEAR LINEAR LINEAR LINEAR LINEAR</Name_array><technique_common><accessor source="#Bip001 Footsteps-Interpolations-array" count="21"><param type="name"/></accessor></technique_common></source><sampler id="Bip001 Footsteps-Matrix-animation-transform"><input semantic="INPUT" source="#Bip001 Footsteps-Matrix-animation-input"/><input semantic="OUTPUT" source="#Bip001 Footsteps-Matrix-animation-output-transform"/><input semantic="INTERPOLATION" source="#Bip001 Footsteps-Interpolations"/></sampler><channel source="#Bip001 Footsteps-Matrix-animation-transform" target="Bip001 Footsteps/matrix"/></animation></animation>
    <animation id="Bip001 Pelvis-anim" name="Bip001 Pelvis"><animation><source id="Bip001 Pelvis-Matrix-animation-input"><float_array id="Bip001 Pelvis-Matrix-animation-input-array" count="21">

0.000000 0.033333 0.066667 0.100000 0.133333 0.166667 0.200000 0.233333 0.266667 0.300000 0.333333 0.366667 0.400000 0.433333 0.466667 0.500000
0.533333 0.566667 0.600000 0.633333 0.666667</float_array><technique_common><accessor source="#Bip001 Pelvis-Matrix-animation-input-array" count="21"><param name="TIME" type="float"/></accessor></technique_common></source><source id="Bip001 Pelvis-Matrix-animation-output-transform"><float_array id="Bip001 Pelvis-Matrix-animation-output-transform-array" count="336">

-0.000000 1.000000 -0.000001 0.000000 -0.000000 0.000001 1.000000 0.000000 1.000000 -0.000000 0.000000 0.000000 0.000000 0.000000 0.000000 1.000000
0.000000 1.000000 -0.000001 0.000000 -0.000000 0.000001 1.000000 0.000000 1.000000 0.000000 0.000000 0.000000 0.000000 0.000000 0.000000 1.000000
-0.000000 1.000000 -0.000001 0.000000 -0.000000 0.000001 1.000000 0.000000 1.000000 0.000000 0.000000 0.000000 0.000000 0.000000 0.000000 1.000000
-0.000000 1.000000 -0.000001 0.000000 -0.000000 0.000001 1.000000 0.000000 1.000000 -0.000000 0.000000 0.000000 0.000000 0.000000 0.000000 1.000000
-0.000000 1.000000 -0.000001 0.000000 -0.000000 0.000001 1.000000 0.000000 1.000000 0.000000 0.000000 0.000000 0.000000 0.000000 0.000000 1.000000
0.000000 1.000000 -0.000001 0.000000 -0.000000 0.000001 1.000000 0.000000 1.000000 0.000000 0.000000 0.000000 0.000000 0.000000 0.000000 1.000000
-0.000000 1.000000 -0.000001 0.000000 -0.000000 0.000001 1.000000 0.000000 1.000000 0.000000 0.000000 0.000000 0.000000 0.000000 0.000000 1.000000
-0.000000 1.000000 -0.000001 0.000000 -0.000000 0.000001 1.000000 0.000000 1.000000 0.000000 0.000000 0.000000 0.000000 0.000000 0.000000 1.000000
0.000000 1.000000 -0.000001 0.000000 -0.000000 0.000001 1.000000 0.000000 1.000000 -0.000000 0.000000 0.000000 0.000000 0.000000 0.000000 1.000000
-0.000000 1.000000 -0.000001 0.000000 -0.000000 0.000001 1.000000 0.000000 1.000000 -0.000000 0.000000 0.000000 0.000000 0.000000 0.000000 1.000000
0.000000 1.000000 -0.000001 0.000000 -0.000000 0.000001 1.000000 0.000000 1.000000 -0.000000 0.000000 0.000000 0.000000 0.000000 0.000000 1.000000
0.000000 1.000000 -0.000001 0.000000 -0.000000 0.000001 1.000000 0.000000 1.000000 0.000000 0.000000 0.000000 0.000000 0.000000 0.000000 1.000000
-0.000000 1.000000 -0.000001 0.000000 0.000000 0.000001 1.000000 0.000000 1.000000 0.000000 -0.000000 0.000000 0.000000 0.000000 0.000000 1.000000
-0.000000 1.000000 -0.000001 0.000000 0.000000 0.000001 1.000000 0.000000 1.000000 -0.000000 -0.000000 0.000000 0.000000 0.000000 0.000000 1.000000
-0.000000 1.000000 -0.000001 0.000000 0.000000 0.000001 1.000000 0.000000 1.000000 -0.000000 -0.000000 0.000000 0.000000 0.000000 0.000000 1.000000
-0.000000 1.000000 -0.000001 0.000000 -0.000000 0.000001 1.000000 0.000000 1.000000 0.000000 0.000000 0.000000 0.000000 0.000000 0.000000 1.000000
-0.000000 1.000000 -0.000001 0.000000 -0.000000 0.000001 1.000000 0.000000 1.000000 0.000000 0.000000 0.000000 0.000000 0.000000 0.000000 1.000000
0.000000 1.000000 -0.000001 0.000000 -0.000000 0.000001 1.000000 0.000000 1.000000 0.000000 0.000000 0.000000 0.000000 0.000000 0.000000 1.000000
-0.000000 1.000000 -0.000001 0.000000 -0.000000 0.000001 1.000000 0.000000 1.000000 0.000000 0.000000 0.000000 0.000000 0.000000 0.000000 1.000000
0.000000 1.000000 -0.000001 0.000000 -0.000000 0.000001 1.000000 0.000000 1.000000 -0.000000 0.000000 0.000000 0.000000 0.000000 0.000000 1.000000
0.000000 1.000000 -0.000001 0.000000 0.000000 0.000001 1.000000 0.000000 1.000000 0.000000 0.000000 0.000000 0.000000 0.000000 0.000000 1.000000</float_array><technique_common><accessor source="#Bip001 Pelvis-Matrix-animation-output-transform-array" count="21" stride="16"><param type="float4x4"/></accessor></technique_common></source><source id="Bip001 Pelvis-Interpolations"><Name_array id="Bip001 Pelvis-Interpolations-array" count="21">
 LINEAR LINEAR LINEAR LINEAR LINEAR LINEAR LINEAR LINEAR LINEAR LINEAR LINEAR
LINEAR LINEAR LINEAR LINEAR LINEAR LINEAR LINEAR LINEAR LINEAR LINEAR</Name_array><technique_common><accessor source="#Bip001 Pelvis-Interpolations-array" count="21"><param type="name"/></accessor></technique_common></source><sampler id="Bip001 Pelvis-Matrix-animation-transform"><input semantic="INPUT" source="#Bip001 Pelvis-Matrix-animation-input"/><input semantic="OUTPUT" source="#Bip001 Pelvis-Matrix-animation-output-transform"/><input semantic="INTERPOLATION" source="#Bip001 Pelvis-Interpolations"/></sampler><channel source="#Bip001 Pelvis-Matrix-animation-transform" target="Bip001 Pelvis/matrix"/></animation></animation>
    <animation id="Bip001 Spine-anim" name="Bip001 Spine"><animation><source id="Bip001 Spine-Matrix-animation-input"><float_array id="Bip001 Spine-Matrix-animation-input-array" count="21">

0.000000 0.033333 0.066667 0.100000 0.133333 0.166667 0.200000 0.233333 0.266667 0.300000 0.333333 0.366667 0.400000 0.433333 0.466667 0.500000
0.533333 0.566667 0.600000 0.633333 0.666667</float_array><technique_common><accessor source="#Bip001 Spine-Matrix-animation-input-array" count="21"><param name="TIME" type="float"/></accessor></technique_common></source><source id="Bip001 Spine-Matrix-animation-output-transform"><float_array id="Bip001 Spine-Matrix-animation-output-transform-array" count="336">

0.996623 -0.068687 -0.044986 10.048546 0.062509 0.989969 -0.126705 -0.012046 0.053238 0.123465 0.990920 0.000016 0.000000 0.000000 0.000000 1.000000
0.996707 -0.068332 -0.043644 10.048537 0.062844 0.991181 -0.116662 -0.012059 0.051231 0.113535 0.992212 0.000014 0.000000 0.000000 0.000000 1.000000
0.996725 -0.068266 -0.043338 10.048585 0.063220 0.992061 -0.108704 -0.012056 0.050415 0.105608 0.993129 0.000013 0.000000 0.000000 0.000000 1.000000
0.996773 -0.068086 -0.042514 10.048549 0.063575 0.992985 -0.099688 -0.012058 0.049003 0.096663 0.994110 0.000014 0.000000 0.000000 0.000000 1.000000
0.996934 -0.067467 -0.039606 10.048560 0.063848 0.994207 -0.086459 -0.012054 0.045209 0.083666 0.995467 0.000016 0.000000 0.000000 0.000000 1.000000
0.997256 -0.066250 -0.033023 10.048544 0.063971 0.995777 -0.065846 -0.012050 0.037246 0.063553 0.997283 0.000017 0.000000 0.000000 0.000000 1.000000
0.997712 -0.064512 -0.020224 10.048544 0.063854 0.997457 -0.031650 -0.012056 0.022214 0.030286 0.999294 0.000015 0.000000 0.000000 0.000000 1.000000
0.997979 -0.063495 -0.002195 10.048554 0.063520 0.997882 0.014026 -0.012060 0.001300 -0.014137 0.999899 0.000013 0.000000 0.000000 0.000000 1.000000
0.997784 -0.064263 0.017239 10.048569 0.063085 0.996090 0.061838 -0.012069 -0.021146 -0.060613 0.997937 0.000016 0.000000 0.000000 0.000000 1.000000
0.997200 -0.066505 0.034205 10.048549 0.062695 0.992760 0.102456 -0.012048 -0.040771 -0.100024 0.994149 0.000016 0.000000 0.000000 0.000000 1.000000
0.996624 -0.068687 0.044982 10.048549 0.062509 0.989968 0.126713 -0.012060 -0.053235 -0.123473 0.990919 0.000020 0.000000 0.000000 0.000000 1.000000
0.996347 -0.069714 0.049312 10.048548 0.062638 0.989162 0.132797 -0.012051 -0.058035 -0.129224 0.989916 0.000016 0.000000 0.000000 0.000000 1.000000
0.996323 -0.069769 0.049719 10.048564 0.062989 0.989916 0.126872 -0.012059 -0.058070 -0.123274 0.990672 0.000018 0.000000 0.000000 0.000000 1.000000
0.996519 -0.069005 0.046778 10.048554 0.063422 0.991702 0.111822 -0.012058 -0.054106 -0.108466 0.992626 0.000014 0.000000 0.000000 0.000000 1.000000
0.996860 -0.067727 0.041031 10.048547 0.063797 0.993849 0.090517 -0.012049 -0.046909 -0.087615 0.995049 0.000009 0.000000 0.000000 0.000000 1.000000
0.997256 -0.066250 0.033021 10.048549 0.063971 0.995776 0.065853 -0.012055 -0.037244 -0.063560 0.997282 0.000015 0.000000 0.000000 0.000000 1.000000
0.997670 -0.064695 0.021662 10.048560 0.063896 0.997317 0.035724 -0.012058 -0.023915 -0.034256 0.999127 0.000018 0.000000 0.000000 0.000000 1.000000
0.997951 -0.063640 0.006539 10.048548 0.063653 0.997970 -0.001817 -0.012063 -0.006411 0.002230 0.999976 0.000018 0.000000 0.000000 0.000000 1.000000
0.997903 -0.063821 -0.010732 10.048548 0.063297 0.997043 -0.043559 -0.012052 0.013480 0.042789 0.998993 0.000016 0.000000 0.000000 0.000000 1.000000
0.997442 -0.065561 -0.028469 10.048540 0.062892 0.994285 -0.086262 -0.012069 0.033961 0.084251 0.995866 0.000012 0.000000 0.000000 0.000000 1.000000
0.996623 -0.068686 -0.044986 10.048547 0.062508 0.989969 -0.126705 -0.012068 0.053238 0.123465 0.990919 0.000007 0.000000 0.000000 0.000000 1.000000</float_array><technique_common><accessor source="#Bip001 Spine-Matrix-animation-output-transform-array" count="21" stride="16"><param type="float4x4"/></accessor></technique_common></source><source id="Bip001 Spine-Interpolations"><Name_array id="Bip001 Spine-Interpolations-array" count="21">
 LINEAR LINEAR LINEAR LINEAR LINEAR LINEAR LINEAR LINEAR LINEAR LINEAR LINEAR
LINEAR LINEAR LINEAR LINEAR LINEAR LINEAR LINEAR LINEAR LINEAR LINEAR</Name_array><technique_common><accessor source="#Bip001 Spine-Interpolations-array" count="21"><param type="name"/></accessor></technique_common></source><sampler id="Bip001 Spine-Matrix-animation-transform"><input semantic="INPUT" source="#Bip001 Spine-Matrix-animation-input"/><input semantic="OUTPUT" source="#Bip001 Spine-Matrix-animation-output-transform"/><input semantic="INTERPOLATION" source="#Bip001 Spine-Interpolations"/></sampler><channel source="#Bip001 Spine-Matrix-animation-transform" target="Bip001 Spine/matrix"/></animation></animation>
    <animation id="Bip001 Spine1-anim" name="Bip001 Spine1"><animation><source id="Bip001 Spine1-Matrix-animation-input"><float_array id="Bip001 Spine1-Matrix-animation-input-array" count="21">

0.000000 0.033333 0.066667 0.100000 0.133333 0.166667 0.200000 0.233333 0.266667 0.300000 0.333333 0.366667 0.400000 0.433333 0.466667 0.500000
0.533333 0.566667 0.600000 0.633333 0.666667</float_array><technique_common><accessor source="#Bip001 Spine1-Matrix-animation-input-array" count="21"><param name="TIME" type="float"/></accessor></technique_common></source><source id="Bip001 Spine1-Matrix-animation-output-transform"><float_array id="Bip001 Spine1-Matrix-animation-output-transform-array" count="336">

0.986565 -0.135649 -0.091037 15.145656 0.108940 0.961537 -0.252148 -0.012064 0.121739 0.238842 0.963397 -0.000004 0.000000 0.000000 0.000000 1.000000
0.986565 -0.135295 -0.091566 15.145651 0.111015 0.966406 -0.231811 -0.012062 0.119852 0.218531 0.968442 -0.000002 0.000000 0.000000 0.000000 1.000000
0.986156 -0.136226 -0.094545 15.145644 0.113330 0.969922 -0.215426 -0.012064 0.121048 0.201729 0.971933 -0.000002 0.000000 0.000000 0.000000 1.000000
0.985944 -0.136486 -0.096366 15.145645 0.115524 0.973583 -0.196956 -0.012066 0.120702 0.183055 0.975665 -0.000003 0.000000 0.000000 0.000000 1.000000
0.986517 -0.134447 -0.093319 15.145641 0.117239 0.978406 -0.170225 -0.012055 0.114190 0.156989 0.980977 0.000000 0.000000 0.000000 0.000000 1.000000
0.988266 -0.129203 -0.081462 15.145649 0.118096 0.984597 -0.128924 -0.012062 0.096864 0.117791 0.988303 -0.000003 0.000000 0.000000 0.000000 1.000000
0.991155 -0.120851 -0.054841 15.145640 0.117509 0.991224 -0.060557 -0.012056 0.061678 0.053577 0.996657 -0.000003 0.000000 0.000000 0.000000 1.000000
0.993237 -0.115097 -0.015292 15.145638 0.115523 0.992830 0.030712 -0.012072 0.011647 -0.032271 0.999412 -0.000002 0.000000 0.000000 0.000000 1.000000
0.992702 -0.117216 0.028343 15.145634 0.112794 0.985640 0.125667 -0.012064 -0.042666 -0.121553 0.991668 -0.000001 0.000000 0.000000 0.000000 1.000000
0.989766 -0.126240 0.066532 15.145641 0.110231 0.972465 0.205333 -0.012075 -0.090622 -0.195898 0.976428 0.000001 0.000000 0.000000 0.000000 1.000000
0.986565 -0.135649 0.091035 15.145650 0.108941 0.961537 0.252147 -0.012062 -0.121737 -0.238842 0.963397 0.000001 0.000000 0.000000 0.000000 1.000000
0.984711 -0.140831 0.102520 15.145633 0.109662 0.958457 0.263315 -0.012062 -0.135344 -0.248046 0.959247 -0.000000 0.000000 0.000000 0.000000 1.000000
0.984036 -0.142318 0.106860 15.145641 0.111799 0.961503 0.251024 -0.012068 -0.138471 -0.235070 0.962064 0.000002 0.000000 0.000000 0.000000 1.000000
0.984571 -0.140256 0.104637 15.145654 0.114505 0.968564 0.220846 -0.012058 -0.132323 -0.205457 0.969679 -0.000003 0.000000 0.000000 0.000000 1.000000
0.986100 -0.135527 0.096120 15.145636 0.116904 0.977016 0.178252 -0.012079 -0.118068 -0.164537 0.979279 0.000010 0.000000 0.000000 0.000000 1.000000
0.988266 -0.129203 0.081461 15.145650 0.118096 0.984597 0.128923 -0.012068 -0.096864 -0.117790 0.988303 0.000003 0.000000 0.000000 0.000000 1.000000
0.990874 -0.121795 0.057743 15.145628 0.117763 0.990660 0.068737 -0.012076 -0.065575 -0.061310 0.995962 0.000003 0.000000 0.000000 0.000000 1.000000
0.992934 -0.116171 0.024242 15.145653 0.116352 0.993189 -0.006170 -0.012060 -0.023361 0.008947 0.999687 -0.000001 0.000000 0.000000 0.000000 1.000000
0.993148 -0.115912 -0.014927 15.145643 0.114142 0.989457 -0.089149 -0.012063 0.025103 0.086834 0.995907 -0.000001 0.000000 0.000000 0.000000 1.000000
0.990925 -0.122663 -0.054972 15.145650 0.111511 0.978526 -0.173353 -0.012058 0.075056 0.165649 0.983324 -0.000000 0.000000 0.000000 0.000000 1.000000
0.986566 -0.135648 -0.091037 15.145636 0.108940 0.961537 -0.252147 -0.012057 0.121739 0.238842 0.963397 0.000001 0.000000 0.000000 0.000000 1.000000</float_array><technique_common><accessor source="#Bip001 Spine1-Matrix-animation-output-transform-array" count="21" stride="16"><param type="float4x4"/></accessor></technique_common></source><source id="Bip001 Spine1-Interpolations"><Name_array id="Bip001 Spine1-Interpolations-array" count="21">
 LINEAR LINEAR LINEAR LINEAR LINEAR LINEAR LINEAR LINEAR LINEAR LINEAR LINEAR
LINEAR LINEAR LINEAR LINEAR LINEAR LINEAR LINEAR LINEAR LINEAR LINEAR</Name_array><technique_common><accessor source="#Bip001 Spine1-Interpolations-array" count="21"><param type="name"/></accessor></technique_common></source><sampler id="Bip001 Spine1-Matrix-animation-transform"><input semantic="INPUT" source="#Bip001 Spine1-Matrix-animation-input"/><input semantic="OUTPUT" source="#Bip001 Spine1-Matrix-animation-output-transform"/><input semantic="INTERPOLATION" source="#Bip001 Spine1-Interpolations"/></sampler><channel source="#Bip001 Spine1-Matrix-animation-transform" target="Bip001 Spine1/matrix"/></animation></animation>
    <animation id="Bip001 Spine2-anim" name="Bip001 Spine2"><animation><source id="Bip001 Spine2-Matrix-animation-input"><float_array id="Bip001 Spine2-Matrix-animation-input-array" count="21">

0.000000 0.033333 0.066667 0.100000 0.133333 0.166667 0.200000 0.233333 0.266667 0.300000 0.333333 0.366667 0.400000 0.433333 0.466667 0.500000
0.533333 0.566667 0.600000 0.633333 0.666667</float_array><technique_common><accessor source="#Bip001 Spine2-Matrix-animation-input-array" count="21"><param name="TIME" type="float"/></accessor></technique_common></source><source id="Bip001 Spine2-Matrix-animation-output-transform"><float_array id="Bip001 Spine2-Matrix-animation-output-transform-array" count="336">

0.986132 -0.129409 -0.103911 15.145634 0.100193 0.963339 -0.248877 -0.012062 0.132309 0.235014 0.962945 -0.000003 0.000000 0.000000 0.000000 1.000000
0.985726 -0.129484 -0.107599 15.145633 0.102452 0.968509 -0.226921 -0.012057 0.133593 0.212658 0.967951 -0.000001 0.000000 0.000000 0.000000 1.000000
0.984759 -0.130882 -0.114543 15.145629 0.104967 0.972348 -0.208617 -0.012060 0.138680 0.193414 0.971267 -0.000000 0.000000 0.000000 0.000000 1.000000
0.984049 -0.131361 -0.119971 15.145635 0.107347 0.976211 -0.188385 -0.012058 0.141863 0.172502 0.974740 0.000003 0.000000 0.000000 0.000000 1.000000
0.984469 -0.129074 -0.118991 15.145630 0.109218 0.980976 -0.160493 -0.012056 0.137443 0.145004 0.979838 0.000001 0.000000 0.000000 0.000000 1.000000
0.986679 -0.123017 -0.106452 15.145646 0.110179 0.986753 -0.119078 -0.012062 0.119691 0.105762 0.987162 -0.000002 0.000000 0.000000 0.000000 1.000000
0.990714 -0.113325 -0.075121 15.145624 0.109593 0.992612 -0.052072 -0.012066 0.080467 0.043356 0.995814 -0.000004 0.000000 0.000000 0.000000 1.000000
0.993932 -0.106499 -0.027515 15.145622 0.107469 0.993536 0.036566 -0.012057 0.023443 -0.039301 0.998952 -0.000001 0.000000 0.000000 0.000000 1.000000
0.993753 -0.108620 0.025635 15.145636 0.104490 0.986227 0.128214 -0.012065 -0.039209 -0.124734 0.991415 0.000002 0.000000 0.000000 0.000000 1.000000
0.990258 -0.118697 0.072805 15.145629 0.101652 0.973552 0.204604 -0.012057 -0.095165 -0.195210 0.976133 -0.000004 0.000000 0.000000 0.000000 1.000000
0.986132 -0.129412 0.103911 15.145636 0.100197 0.963339 0.248876 -0.012069 -0.132309 -0.235013 0.962945 0.000001 0.000000 0.000000 0.000000 1.000000
0.983457 -0.135585 0.120126 15.145638 0.100953 0.960852 0.258017 -0.012059 -0.150406 -0.241622 0.958643 0.000001 0.000000 0.000000 0.000000 1.000000
0.982093 -0.137675 0.128605 15.145650 0.103262 0.964320 0.243769 -0.012057 -0.157577 -0.226124 0.961269 -0.000001 0.000000 0.000000 0.000000 1.000000
0.982274 -0.135623 0.129402 15.145620 0.106207 0.971485 0.211983 -0.012081 -0.154461 -0.194482 0.968668 0.000006 0.000000 0.000000 0.000000 1.000000
0.983915 -0.130316 0.122182 15.145643 0.108842 0.979688 0.168421 -0.012057 -0.141648 -0.152414 0.978113 -0.000003 0.000000 0.000000 0.000000 1.000000
0.986679 -0.123019 0.106452 15.145627 0.110181 0.986753 0.119077 -0.012063 -0.119691 -0.105762 0.987162 -0.000002 0.000000 0.000000 0.000000 1.000000
0.990330 -0.114430 0.078432 15.145647 0.109872 0.992123 0.060164 -0.012048 -0.084699 -0.050964 0.995102 -0.000004 0.000000 0.000000 0.000000 1.000000
0.993451 -0.107846 0.037731 15.145625 0.108377 0.994033 -0.012323 -0.012073 -0.036176 0.016332 0.999212 0.000003 0.000000 0.000000 0.000000 1.000000
0.994166 -0.107370 -0.010314 15.145616 0.105973 0.990087 -0.092176 -0.012067 0.020109 0.090545 0.995689 0.000001 0.000000 0.000000 0.000000 1.000000
0.991592 -0.114864 -0.059588 15.145638 0.103064 0.979504 -0.173056 -0.012054 0.078244 0.165460 0.983108 -0.000001 0.000000 0.000000 0.000000 1.000000
0.986132 -0.129410 -0.103912 15.145634 0.100194 0.963339 -0.248877 -0.012063 0.132310 0.235014 0.962945 -0.000001 0.000000 0.000000 0.000000 1.000000</float_array><technique_common><accessor source="#Bip001 Spine2-Matrix-animation-output-transform-array" count="21" stride="16"><param type="float4x4"/></accessor></technique_common></source><source id="Bip001 Spine2-Interpolations"><Name_array id="Bip001 Spine2-Interpolations-array" count="21">
 LINEAR LINEAR LINEAR LINEAR LINEAR LINEAR LINEAR LINEAR LINEAR LINEAR LINEAR
LINEAR LINEAR LINEAR LINEAR LINEAR LINEAR LINEAR LINEAR LINEAR LINEAR</Name_array><technique_common><accessor source="#Bip001 Spine2-Interpolations-array" count="21"><param type="name"/></accessor></technique_common></source><sampler id="Bip001 Spine2-Matrix-animation-transform"><input semantic="INPUT" source="#Bip001 Spine2-Matrix-animation-input"/><input semantic="OUTPUT" source="#Bip001 Spine2-Matrix-animation-output-transform"/><input semantic="INTERPOLATION" source="#Bip001 Spine2-Interpolations"/></sampler><channel source="#Bip001 Spine2-Matrix-animation-transform" target="Bip001 Spine2/matrix"/></animation></animation>
    <animation id="Bip001 Neck-anim" name="Bip001 Neck"><animation><source id="Bip001 Neck-Matrix-animation-input"><float_array id="Bip001 Neck-Matrix-animation-input-array" count="21">

0.000000 0.033333 0.066667 0.100000 0.133333 0.166667 0.200000 0.233333 0.266667 0.300000 0.333333 0.366667 0.400000 0.433333 0.466667 0.500000
0.533333 0.566667 0.600000 0.633333 0.666667</float_array><technique_common><accessor source="#Bip001 Neck-Matrix-animation-input-array" count="21"><param name="TIME" type="float"/></accessor></technique_common></source><source id="Bip001 Neck-Matrix-animation-output-transform"><float_array id="Bip001 Neck-Matrix-animation-output-transform-array" count="336">

0.977272 0.211853 0.007603 15.145654 -0.207268 0.962420 -0.175465 -0.005225 -0.044490 0.169901 0.984457 -0.000001 0.000000 0.000000 0.000000 1.000000
0.969527 0.244749 0.010772 15.145650 -0.239440 0.955964 -0.169713 -0.005216 -0.051834 0.161962 0.985435 -0.000002 0.000000 0.000000 0.000000 1.000000
0.959291 0.282036 0.014691 15.145649 -0.275660 0.946379 -0.168456 -0.005216 -0.061414 0.157549 0.985600 -0.000001 0.000000 0.000000 0.000000 1.000000
0.948401 0.316526 0.018617 15.145645 -0.309279 0.936430 -0.165662 -0.005216 -0.069870 0.151356 0.986006 0.000001 0.000000 0.000000 0.000000 1.000000
0.939678 0.341316 0.022546 15.145645 -0.333993 0.929752 -0.154950 -0.005221 -0.073850 0.138073 0.987665 -0.000001 0.000000 0.000000 0.000000 1.000000
0.936455 0.349786 0.026498 15.145648 -0.343732 0.930071 -0.129675 -0.005223 -0.070003 0.112326 0.991202 -0.000002 0.000000 0.000000 0.000000 1.000000
0.942360 0.333254 0.029985 15.145652 -0.330104 0.940599 -0.079400 -0.005220 -0.054664 0.064925 0.996392 -0.000001 0.000000 0.000000 0.000000 1.000000
0.954454 0.296952 0.028932 15.145672 -0.296842 0.954892 -0.008147 -0.005209 -0.030047 -0.000812 0.999548 0.000001 0.000000 0.000000 0.000000 1.000000
0.966580 0.255600 0.019813 15.145646 -0.256361 0.964163 0.068325 -0.005219 -0.001639 -0.071121 0.997466 -0.000002 0.000000 0.000000 0.000000 1.000000
0.974746 0.223258 0.005104 15.145658 -0.221908 0.965782 0.134247 -0.005214 0.025043 -0.131989 0.990935 -0.000002 0.000000 0.000000 0.000000 1.000000
0.977272 0.211852 -0.007602 15.145642 -0.207268 0.962420 0.175465 -0.005223 0.044489 -0.169902 0.984456 -0.000003 0.000000 0.000000 0.000000 1.000000
0.973437 0.228503 -0.014349 15.145646 -0.221610 0.956108 0.191694 -0.005230 0.057521 -0.183422 0.981350 -0.000005 0.000000 0.000000 0.000000 1.000000
0.964356 0.264010 -0.017763 15.145636 -0.255771 0.947254 0.193106 -0.005227 0.067808 -0.181680 0.981017 -0.000006 0.000000 0.000000 0.000000 1.000000
0.952258 0.304646 -0.019912 15.145664 -0.296159 0.937629 0.182050 -0.005209 0.074130 -0.167461 0.983088 0.000002 0.000000 0.000000 0.000000 1.000000
0.941094 0.337380 -0.022735 15.145643 -0.329662 0.930373 0.160402 -0.005222 0.075269 -0.143459 0.986790 -0.000003 0.000000 0.000000 0.000000 1.000000
0.936455 0.349786 -0.026496 15.145649 -0.343733 0.930071 0.129676 -0.005218 0.070002 -0.112328 0.991202 -0.000002 0.000000 0.000000 0.000000 1.000000
0.940768 0.337801 -0.029110 15.145648 -0.334382 0.938584 0.085147 -0.005216 0.056085 -0.070369 0.995943 -0.000001 0.000000 0.000000 0.000000 1.000000
0.950164 0.310510 -0.027786 15.145654 -0.309856 0.950442 0.025464 -0.005214 0.034316 -0.015585 0.999289 -0.000002 0.000000 0.000000 0.000000 1.000000
0.961074 0.275523 -0.020582 15.145657 -0.276173 0.960167 -0.042522 -0.005214 0.008047 0.046551 0.998883 -0.000002 0.000000 0.000000 0.000000 1.000000
0.970650 0.240372 -0.007780 15.145646 -0.239718 0.964395 -0.111709 -0.005229 -0.019349 0.110295 0.993711 0.000001 0.000000 0.000000 0.000000 1.000000
0.977272 0.211853 0.007603 15.145662 -0.207269 0.962420 -0.175465 -0.005207 -0.044490 0.169901 0.984456 -0.000003 0.000000 0.000000 0.000000 1.000000</float_array><technique_common><accessor source="#Bip001 Neck-Matrix-animation-output-transform-array" count="21" stride="16"><param type="float4x4"/></accessor></technique_common></source><source id="Bip001 Neck-Interpolations"><Name_array id="Bip001 Neck-Interpolations-array" count="21">
 LINEAR LINEAR LINEAR LINEAR LINEAR LINEAR LINEAR LINEAR LINEAR LINEAR LINEAR
LINEAR LINEAR LINEAR LINEAR LINEAR LINEAR LINEAR LINEAR LINEAR LINEAR</Name_array><technique_common><accessor source="#Bip001 Neck-Interpolations-array" count="21"><param type="name"/></accessor></technique_common></source><sampler id="Bip001 Neck-Matrix-animation-transform"><input semantic="INPUT" source="#Bip001 Neck-Matrix-animation-input"/><input semantic="OUTPUT" source="#Bip001 Neck-Matrix-animation-output-transform"/><input semantic="INTERPOLATION" source="#Bip001 Neck-Interpolations"/></sampler><channel source="#Bip001 Neck-Matrix-animation-transform" target="Bip001 Neck/matrix"/></animation></animation>
    <animation id="Bip001 Head-anim" name="Bip001 Head"><animation><source id="Bip001 Head-Matrix-animation-input"><float_array id="Bip001 Head-Matrix-animation-input-array" count="21">

0.000000 0.033333 0.066667 0.100000 0.133333 0.166667 0.200000 0.233333 0.266667 0.300000 0.333333 0.366667 0.400000 0.433333 0.466667 0.500000
0.533333 0.566667 0.600000 0.633333 0.666667</float_array><technique_common><accessor source="#Bip001 Head-Matrix-animation-input-array" count="21"><param name="TIME" type="float"/></accessor></technique_common></source><source id="Bip001 Head-Matrix-animation-output-transform"><float_array id="Bip001 Head-Matrix-animation-output-transform-array" count="336">

0.977103 0.212633 0.007603 6.553395 -0.208036 0.962254 -0.175466 0.000001 -0.044625 0.169867 0.984456 0.000001 0.000000 0.000000 0.000000 1.000000
0.969334 0.245709 0.004325 6.553390 -0.241382 0.955268 -0.170871 0.000001 -0.046116 0.164587 0.985284 0.000000 0.000000 0.000000 0.000000 1.000000
0.959050 0.283234 0.000819 6.553400 -0.278957 0.945061 -0.170418 -0.000001 -0.049042 0.163211 0.985371 0.000001 0.000000 0.000000 0.000000 1.000000
0.948083 0.318015 -0.002288 6.553388 -0.313866 0.934508 -0.167878 0.000000 -0.051249 0.159881 0.985805 -0.000000 0.000000 0.000000 0.000000 1.000000
0.939234 0.343260 -0.003583 6.553396 -0.339531 0.927391 -0.157051 -0.000001 -0.050587 0.148724 0.987584 -0.000000 0.000000 0.000000 0.000000 1.000000
0.935823 0.352465 -0.001631 6.553389 -0.349598 0.927600 -0.131679 -0.000005 -0.044899 0.123798 0.991291 0.000001 0.000000 0.000000 0.000000 1.000000
