<?xml version="1.0" encoding="utf-8"?>
<COLLADA xmlns="http://www.collada.org/2005/11/COLLADASchema" version="1.4.1">
  <asset>
    <contributor>
      <author></author>
      <authoring_tool>FBX COLLADA exporter</authoring_tool>
      <comments></comments>
    </contributor>
    <created>2011-10-04T20:20:10Z</created>
    <keywords></keywords>
    <modified>2011-10-04T20:20:10Z</modified>
    <revision></revision>
    <subject></subject>
    <title></title>
    <unit meter="0.025400" name="centimeter"></unit>
    <up_axis>Z_UP</up_axis>
  </asset>
  <library_controllers>
    <controller id="GENERIC MAN newController">
      <skin source="#GENERIC MAN new-lib">
        <bind_shape_matrix>1.000000 -0.000000 0.000000 -0.000000 0.000000 1.000000 -0.000000 -0.020418 0.000000 0.000000 1.000000 -0.000000 0.000000 0.000000 0.000000 1.000000
</bind_shape_matrix>
        <source id="GENERIC MAN newController-Joints">
          <Name_array id="GENERIC MAN newController-Joints-array" count="53">
 RightFootThumb1 RightFoot RightLeg RightUpLeg LeftUpLeg Pelvis Spine Spine1
Spine2 RightShoulder RightArm Spine3 Neck Head RightForeArm LeftFootThumb1 LeftFoot
LeftLeg LeftShoulder LeftArm LeftForeArm Lefthand LeftHandThumb1 RightHandIndex1
RightHandIndex2 RightHand RightHandIndex3 RightHandMiddle1 RightHandMiddle2
RightHandMiddle3 RightHandRing1 RightHandRing2 RightHandRing3 RightHandPinky1
RightHandPinky2 RightHandPinky3 RightHandThumb1 RightHandThumb3 RightHandThumb2
LeftHandIndex1 LeftHandIndex2 LeftHandIndex3 LeftHandMiddle1 LeftHandRing1
LeftHandMiddle2 LeftHandMiddle3 LeftHandRing2 LeftHandRing3 LeftHandRingPinky1
LeftHandRingPinky2 LeftHandRingPinky3 LeftHandThumb2 LeftHandThumb3</Name_array>
          <technique_common>
            <accessor source="#GENERIC MAN newController-Joints-array" count="53">
              <param type="name"/>
            </accessor>
          </technique_common>
        </source>
        <source id="GENERIC MAN newController-Matrices">
          <float_array id="GENERIC MAN newController-Matrices-array" count="848">

0.000001 -1.000000 -0.000000 -3.830956 0.000000 -0.000000 1.000000 -0.059335 -1.000000 -0.000001 -0.000000 -3.799049 0.000000 0.000000 0.000000 1.000000
0.000000 -0.000000 -1.000000 4.703849 0.000001 -1.000000 0.000000 2.007822 -1.000000 -0.000001 -0.000000 -3.799049 0.000000 0.000000 0.000000 1.000000
-0.000000 0.099497 -0.995038 22.517864 0.000001 -0.995038 -0.099497 2.465880 -1.000000 -0.000001 0.000000 -3.799049 0.000000 0.000000 0.000000 1.000000
-0.000000 -0.020567 -0.999788 41.210985 0.000001 -0.999788 0.020567 -0.252741 -1.000000 -0.000001 0.000000 -3.799049 0.000000 0.000000 0.000000 1.000000
-0.000000 -0.020567 -0.999788 41.210986 0.000001 -0.999788 0.020567 -0.252741 -1.000000 -0.000001 0.000000 3.799044 0.000000 0.000000 0.000000 1.000000
0.000000 -0.000000 1.000000 -41.207466 0.000003 -1.000000 -0.000000 0.594897 1.000000 0.000003 -0.000000 -0.000002 0.000000 0.000000 0.000000 1.000000
0.000000 -0.000000 1.000000 -44.006164 -0.000001 -1.000000 0.000000 0.598360 1.000000 -0.000001 -0.000000 0.000001 0.000000 0.000000 0.000000 1.000000
0.000000 -0.000000 1.000000 -48.357440 -0.000001 -1.000000 0.000000 0.597976 1.000000 -0.000001 -0.000000 0.000001 0.000000 0.000000 0.000000 1.000000
0.000000 -0.000000 1.000000 -52.227481 -0.000001 -1.000000 0.000000 0.598595 1.000000 -0.000001 -0.000000 0.000001 0.000000 0.000000 0.000000 1.000000
-0.992353 -0.000001 -0.123435 5.792487 -0.000001 1.000000 0.000000 -1.633422 0.123435 0.000000 -0.992353 59.190898 0.000000 0.000000 0.000000 1.000000
-0.970079 0.053242 -0.236879 6.107113 0.067674 0.996287 -0.053212 2.031284 0.233166 -0.067650 -0.970081 58.866058 0.000000 0.000000 0.000000 1.000000
0.000000 -0.000000 1.000000 -56.874522 -0.000001 -1.000000 0.000000 0.598766 1.000000 -0.000001 -0.000000 0.000001 0.000000 0.000000 0.000000 1.000000
-0.000000 -0.031667 0.999498 -61.524913 -0.000002 -0.999498 -0.031667 3.321864 1.000000 -0.000002 0.000000 -0.000012 0.000000 0.000000 0.000000 1.000000
-0.000000 -0.074598 0.997214 -64.670651 -0.000001 -0.997214 -0.074598 6.107203 1.000000 -0.000001 -0.000000 0.000007 0.000000 0.000000 0.000000 1.000000
-0.970892 -0.072399 -0.228312 -4.140120 -0.054787 0.995079 -0.082562 1.523007 0.233166 -0.067650 -0.970081 58.866061 0.000000 0.000000 0.000000 1.000000
0.000001 -1.000000 -0.000000 -3.830955 0.000000 -0.000000 1.000000 -0.059335 -1.000000 -0.000001 -0.000000 3.799044 0.000000 0.000000 0.000000 1.000000
0.000000 -0.000000 -1.000000 4.703849 0.000001 -1.000000 0.000000 2.007823 -1.000000 -0.000001 -0.000000 3.799044 0.000000 0.000000 0.000000 1.000000
-0.000000 0.099497 -0.995038 22.517865 0.000001 -0.995038 -0.099497 2.465880 -1.000000 -0.000001 0.000000 3.799044 0.000000 0.000000 0.000000 1.000000
0.992353 0.000001 -0.123435 5.792486 -0.000001 1.000000 0.000000 -1.633422 0.123435 0.000000 0.992353 -59.190898 0.000000 0.000000 0.000000 1.000000
0.970079 0.053245 -0.236879 6.107111 -0.067677 0.996287 -0.053212 2.031284 0.233166 0.067651 0.970081 -58.866059 0.000000 0.000000 0.000000 1.000000
0.970892 -0.072396 -0.228312 -4.140123 0.054785 0.995079 -0.082562 1.523008 0.233166 0.067651 0.970081 -58.866061 0.000000 0.000000 0.000000 1.000000
0.971735 -0.028094 -0.234398 -13.012508 -0.235791 -0.066781 -0.969506 58.903207 0.011584 0.997372 -0.071517 2.066104 0.000000 0.000000 0.000000 1.000000
0.469909 -0.732320 -0.492842 13.866980 0.676398 0.657462 -0.332007 -0.910737 0.567161 -0.177345 0.804288 -58.519134 0.000000 0.000000 0.000000 1.000000
-0.894367 -0.274605 -0.353129 -8.694160 0.370117 -0.010891 -0.928922 60.830262 0.251241 -0.961496 0.111376 1.537053 0.000000 0.000000 0.000000 1.000000
-0.623180 -0.248727 -0.741473 18.871145 0.740625 0.116881 -0.661675 58.743160 0.251241 -0.961496 0.111376 1.537053 0.000000 0.000000 0.000000 1.000000
-0.974417 -0.027307 -0.223084 -13.698071 0.224451 -0.067103 -0.972172 58.747557 0.011578 -0.997372 0.071515 -2.066228 0.000000 0.000000 0.000000 1.000000
-0.510574 -0.229404 -0.828666 26.133310 0.822309 0.151329 -0.548551 55.570871 0.251241 -0.961496 0.111376 1.537051 0.000000 0.000000 0.000000 1.000000
-0.931000 -0.036963 -0.363143 -9.375571 0.364841 -0.063162 -0.928925 60.793855 0.011399 -0.997319 0.072289 -2.829583 0.000000 0.000000 0.000000 1.000000
-0.796340 -0.052776 -0.602543 5.818668 0.604743 -0.050698 -0.794806 61.537248 0.011399 -0.997319 0.072289 -2.829582 0.000000 0.000000 0.000000 1.000000
-0.641352 -0.062757 -0.764676 18.380731 0.767162 -0.037646 -0.640348 58.921607 0.011399 -0.997319 0.072289 -2.829581 0.000000 0.000000 0.000000 1.000000
-0.869938 0.167092 -0.463991 -2.470965 0.447768 -0.126658 -0.885133 61.159951 -0.206667 -0.977772 0.035366 -6.601416 0.000000 0.000000 0.000000 1.000000
-0.730536 0.130163 -0.670354 11.434040 0.650850 -0.164376 -0.741198 60.212436 -0.206667 -0.977772 0.035366 -6.601416 0.000000 0.000000 0.000000 1.000000
-0.477303 0.069200 -0.876010 29.536172 0.854090 -0.197923 -0.480995 53.491895 -0.206667 -0.977772 0.035366 -6.601417 0.000000 0.000000 0.000000 1.000000
-0.821975 0.443411 -0.357412 -7.319424 0.298965 -0.198203 -0.933454 59.212860 -0.484744 -0.874130 0.030353 -14.171040 0.000000 0.000000 0.000000 1.000000
-0.623821 0.321195 -0.712518 17.025618 0.613083 -0.364323 -0.700997 57.315297 -0.484744 -0.874130 0.030353 -14.171039 0.000000 0.000000 0.000000 1.000000
-0.358301 0.166797 -0.918586 35.945960 0.797900 -0.456154 -0.394055 47.498271 -0.484744 -0.874130 0.030353 -14.171039 0.000000 0.000000 0.000000 1.000000
-0.463729 -0.747244 -0.476006 13.146225 -0.695736 0.639779 -0.326548 -1.797498 0.548551 0.179745 -0.816569 58.644261 0.000000 0.000000 0.000000 1.000000
-0.102455 -0.954809 -0.279001 9.612049 -0.829816 0.236708 -0.505345 3.000384 0.548550 0.179745 -0.816569 58.644270 0.000000 0.000000 0.000000 1.000000
-0.362054 -0.829246 -0.425755 11.273363 -0.753664 0.529190 -0.389806 -0.225827 0.548550 0.179745 -0.816569 58.644260 0.000000 0.000000 0.000000 1.000000
0.885944 -0.290729 -0.361359 -7.947133 -0.361383 0.055629 -0.930757 60.654397 0.290700 0.955187 -0.055780 -5.692605 0.000000 0.000000 0.000000 1.000000
0.638978 -0.237197 -0.731741 17.877143 -0.712180 0.177075 -0.679297 58.748125 0.290700 0.955187 -0.055780 -5.692605 0.000000 0.000000 0.000000 1.000000
0.522144 -0.207220 -0.827300 25.701672 -0.801785 0.211371 -0.558984 55.461426 0.290700 0.955187 -0.055780 -5.692606 0.000000 0.000000 0.000000 1.000000
0.929324 -0.037248 -0.367381 -9.040966 -0.369089 -0.062993 -0.927257 60.813433 0.011396 0.997319 -0.072289 2.830364 0.000000 0.000000 0.000000 1.000000
0.891863 0.135317 -0.431589 -4.752932 -0.417108 -0.122981 -0.900498 60.921631 -0.174930 0.983140 -0.053241 6.616697 0.000000 0.000000 0.000000 1.000000
0.792084 -0.053128 -0.608095 6.295759 -0.610305 -0.050329 -0.790566 61.449727 0.011396 0.997319 -0.072289 2.830364 0.000000 0.000000 0.000000 1.000000
0.659093 -0.061859 -0.749513 17.073823 -0.751975 -0.039104 -0.658031 59.266587 0.011396 0.997319 -0.072289 2.830364 0.000000 0.000000 0.000000 1.000000
0.729062 0.093000 -0.678100 11.965630 -0.661716 -0.157436 -0.733038 60.065458 -0.174930 0.983140 -0.053241 6.616696 0.000000 0.000000 0.000000 1.000000
0.465907 0.035019 -0.884140 30.387178 -0.867370 -0.179468 -0.464178 52.953661 -0.174930 0.983140 -0.053241 6.616695 0.000000 0.000000 0.000000 1.000000
0.829208 0.427821 -0.359700 -7.323648 -0.320378 -0.163536 -0.933067 59.735901 -0.458009 0.888946 0.001459 11.676059 0.000000 0.000000 0.000000 1.000000
0.617173 0.319165 -0.719188 17.613213 -0.639786 -0.328494 -0.694814 57.682924 -0.458009 0.888946 0.001459 11.676058 0.000000 0.000000 0.000000 1.000000
0.362498 0.188267 -0.912771 35.460611 -0.811679 -0.417528 -0.408470 48.508303 -0.458009 0.888946 0.001459 11.676056 0.000000 0.000000 0.000000 1.000000
0.354999 -0.828532 -0.433026 11.882049 0.743172 0.531116 -0.406953 1.013569 0.567161 -0.177345 0.804288 -58.519130 0.000000 0.000000 0.000000 1.000000
0.099118 -0.954747 -0.280417 9.793133 0.817621 0.238761 -0.523916 4.369249 0.567161 -0.177345 0.804288 -58.519131 0.000000 0.000000 0.000000 1.000000</float_array>
          <technique_common>
            <accessor source="#GENERIC MAN newController-Matrices-array" count="53" stride="16">
              <param type="float4x4"/>
            </accessor>
          </technique_common>
        </source>
        <source id="GENERIC MAN newController-Weights">
          <float_array id="GENERIC MAN newController-Weights-array" count="2011">

1.000000 1.000000 1.000000 1.000000 0.345400 0.654600 0.500000 0.500000 0.388766 0.611234 1.000000 1.000000 1.000000 1.000000 1.000000 1.000000
1.000000 1.000000 1.000000 1.000000 1.000000 1.000000 0.295199 0.704801 1.000000 1.000000 1.000000 1.000000 1.000000 1.000000 1.000000 0.221094
0.778906 1.000000 1.000000 1.000000 0.458249 0.541751 1.000000 1.000000 1.000000 1.000000 1.000000 0.417091 0.582909 0.497678 0.502322 1.000000
0.577709 0.422291 0.890147 0.109853 0.214008 0.785992 0.085207 0.914793 0.691514 0.308486 0.665676 0.334324 0.659193 0.340807 0.620776 0.379224
1.000000 1.000000 1.000000 1.000000 1.000000 1.000000 1.000000 1.000000 0.998037 0.001963 1.000000 1.000000 0.999930 0.998280 0.001720 0.926220
0.073780 0.977297 0.022703 0.399887 0.600113 0.476758 0.523242 0.350214 0.649786 0.510346 0.489654 0.500010 0.499990 0.500000 0.500000 0.500010
0.499990 0.542871 0.457129 0.997619 0.002381 1.000000 1.000000 1.000000 1.000000 1.000000 1.000000 1.000000 0.440000 0.560000 0.380000 0.620000
0.720000 0.280000 1.000000 1.000000 1.000000 0.920000 0.080000 0.920000 0.080000 0.200000 0.800000 0.335369 0.335373 0.329259 0.794729 0.205271
0.916889 0.083111 0.856427 0.143573 0.796427 0.203573 0.420000 0.580000 0.084990 0.085010 0.830000 0.117783 0.117846 0.764371 0.478548 0.521452
0.751201 0.248799 0.085000 0.085000 0.830000 0.084997 0.085003 0.830000 0.155280 0.155280 0.689440 0.820586 0.179414 0.820586 0.179414 0.820586
0.179414 0.600586 0.399414 0.500000 0.500000 0.500138 0.499862 0.499984 0.500016 0.100000 0.810000 0.090000 0.100000 0.810000 0.090000 0.100000
0.810000 0.090000 0.100000 0.810000 0.090000 0.100000 0.810000 0.090000 0.100000 0.810000 0.090000 0.447183 0.552811 0.008498 0.965685 0.025817
0.358083 0.641891 0.960456 0.039510 0.877598 0.122397 0.134816 0.554790 0.310394 1.000000 1.000000 0.413037 0.470737 0.116225 0.570146 0.429854
0.005446 0.122640 0.553095 0.251431 0.067388 0.521353 0.478647 1.000000 1.000000 1.000000 0.000362 0.999638 0.999918 0.014906 0.985094 0.000117
0.999883 0.499602 0.500398 0.999971 0.380000 0.620000 0.260000 0.297433 0.442567 0.060852 0.600000 0.252838 0.086310 0.600000 0.247908 0.152092
0.993985 0.006015 1.000000 1.000000 1.000000 1.000000 1.000000 1.000000 1.000000 1.000000 0.008604 0.991396 0.499750 0.500250 0.999981 0.984096
0.015904 0.478640 0.521360 0.981677 0.018323 0.999830 0.000170 1.000000 1.000000 1.000000 1.000000 0.477102 0.522898 0.029533 0.970467 1.000000
0.188941 0.811059 0.997839 0.002161 0.994316 0.005684 1.000000 0.020592 0.979408 0.276173 0.276188 0.447640 0.499900 0.500100 0.140000 0.860000
0.560000 0.437441 0.002559 0.557980 0.442020 0.583754 0.416246 0.100000 0.810000 0.090000 0.047382 0.946243 0.006376 0.140000 0.860000 0.499531
0.500469 0.357680 0.642320 0.420000 0.580000 1.000000 0.137089 0.862911 0.867195 0.132805 0.243666 0.176334 0.580000 0.495737 0.504263 0.469589
0.530393 0.100000 0.810000 0.090000 0.820586 0.179414 0.376409 0.623591 0.496203 0.503797 0.916538 0.083462 1.000000 1.000000 0.517561 0.482439
1.000000 1.000000 0.030825 0.969175 1.000000 0.095301 0.904699 0.245077 0.754923 0.482703 0.517297 0.226179 0.065796 0.708025 0.285785 0.714215
0.047240 0.952760 1.000000 0.499531 0.500469 0.011622 0.188934 0.000306 0.705177 0.061498 0.032462 0.004532 0.127836 0.635176 0.150811 0.081644
0.820000 0.157431 0.022569 0.500104 0.499896 0.260000 0.740000 0.260000 0.740000 0.260000 0.740000 0.000216 0.927651 0.072133 0.700000 0.300000
0.276184 0.723816 0.482147 0.517853 0.404617 0.595383 0.126428 0.873572 0.000174 0.999826 0.120000 0.880000 0.120000 0.880000 0.120000 0.880000
1.000000 1.000000 1.000000 1.000000 1.000000 1.000000 1.000000 0.046851 0.953149 0.965457 0.034543 1.000000 1.000000 1.000000 1.000000 1.000000
0.006074 0.993926 0.420000 0.580000 0.709223 0.264297 0.026480 0.156562 0.512246 0.331192 0.854503 0.016013 0.129484 0.911342 0.088658 1.000000
1.000000 0.499966 0.500034 0.512185 0.487815 0.514197 0.485803 0.961686 0.038314 0.747081 0.232919 0.020000 0.980000 0.020000 0.815811 0.184189
0.560000 0.440000 0.560000 0.078016 0.361984 0.222899 0.777101 0.500000 0.500000 0.501890 0.498110 1.000000 1.000000 0.140000 0.677136 0.182864
1.000000 1.000000 1.000000 1.000000 1.000000 1.000000 0.560000 0.440000 0.140000 0.860000 1.000000 1.000000 1.000000 0.774688 0.225312 0.586219
0.413781 0.892998 0.107002 1.000000 1.000000 1.000000 1.000000 1.000000 1.000000 1.000000 1.000000 1.000000 1.000000 1.000000 1.000000 0.576439
0.423561 1.000000 1.000000 1.000000 1.000000 1.000000 1.000000 1.000000 0.383056 0.616944 1.000000 1.000000 1.000000 0.484793 0.515207 0.999983
1.000000 1.000000 1.000000 0.999998 0.446055 0.553945 0.499480 0.500520 0.999598 0.000402 0.542700 0.457300 0.330147 0.669853 0.390147 0.609853
0.390147 0.609853 0.685958 0.314042 0.665676 0.334324 0.659194 0.340806 0.620777 0.379223 1.000000 1.000000 1.000000 1.000000 1.000000 1.000000
1.000000 1.000000 0.001964 0.998036 1.000000 1.000000 0.999930 0.001720 0.998280 0.073779 0.926221 0.022704 0.977296 0.600176 0.399824 0.523242
0.476758 0.649883 0.350117 0.489655 0.510345 0.499990 0.500010 0.500000 0.500000 0.499990 0.500010 0.457133 0.542867 1.000000 1.000000 1.000000
1.000000 1.000000 1.000000 1.000000 1.000000 0.445571 0.554429 0.055247 0.405571 0.539181 0.720000 0.280000 1.000000 1.000000 1.000000 0.920000
0.080000 0.920000 0.080000 0.170560 0.829440 0.628839 0.371161 0.749240 0.250760 0.756426 0.243574 0.856427 0.143573 0.001239 0.657604 0.341158
0.481594 0.518406 0.679667 0.320333 0.820586 0.179414 0.820586 0.179414 0.600586 0.399414 0.500000 0.500000 0.500000 0.500000 0.100000 0.809594
0.090406 0.100000 0.807262 0.092738 0.100000 0.809356 0.090644 0.100000 0.809813 0.090187 0.447183 0.552811 0.358083 0.641891 0.960456 0.039510
0.877598 0.122397 0.709225 0.264295 0.026480 0.175290 0.573521 0.251189 0.127123 0.856822 0.016055 0.470738 0.116225 0.413036 0.570150 0.429850
0.005430 0.122520 0.553824 0.250938 0.067288 0.521352 0.478648 1.000000 1.000000 0.000362 0.999638 0.999918 0.014906 0.985094 0.000117 0.999883
0.499602 0.500398 0.999971 0.680000 0.320000 0.600000 0.252837 0.086310 0.060853 0.005112 0.994888 1.000000 1.000000 1.000000 1.000000 1.000000
1.000000 1.000000 0.008605 0.991395 0.499749 0.500251 0.999981 0.984094 0.015906 0.478638 0.521362 0.981674 0.018326 0.999830 0.000170 0.384536
0.615464 1.000000 0.443617 0.556373 1.000000 1.000000 0.477104 0.522896 0.029532 0.970468 1.000000 1.000000 0.188928 0.811072 0.997840 0.002160
0.994317 0.005683 1.000000 1.000000 0.020589 0.979411 0.525391 0.474609 0.560000 0.002559 0.437441 0.557980 0.442020 0.583754 0.416246 0.100000
0.809945 0.090055 0.047382 0.946243 0.006376 0.140000 0.860000 0.500469 0.499531 0.490489 0.509511 0.490489 0.509511 0.011291 0.259198 0.729511
0.132619 0.867381 0.243666 0.580000 0.176334 0.495737 0.504263 0.469589 0.530393 0.100000 0.809971 0.090029 0.820586 0.179414 0.376410 0.623590
0.502734 0.497266 0.900876 0.099124 1.000000 1.000000 0.482439 0.517561 1.000000 1.000000 0.390147 0.609853 1.000000 0.095300 0.904700 0.245077
0.754923 0.402703 0.597297 0.350125 0.101849 0.548026 0.225781 0.774219 0.047239 0.952761 0.500469 0.499531 0.011465 0.187729 0.708902 0.059437
0.032220 0.000247 0.004083 0.124846 0.627603 0.154007 0.089460 0.500104 0.499896 0.499179 0.500821 0.260000 0.740000 0.820000 0.180000 0.723817
0.276183 0.517854 0.482146 0.595384 0.404616 0.873574 0.126426 0.999828 0.000172 1.000000 0.920000 0.080000 0.920000 0.080000 1.000000 1.000000
1.000000 1.000000 1.000000 1.000000 1.000000 0.953148 0.046852 0.966211 0.033789 1.000000 1.000000 1.000000 1.000000 1.000000 0.003896 0.996104
0.134814 0.554784 0.310402 0.815800 0.184200 0.487427 0.512573 0.485924 0.514076 0.036755 0.963245 0.225207 0.020000 0.754793 0.911341 0.088659
0.560000 0.361990 0.078010 0.777103 0.222897 0.500000 0.500000 0.498111 0.501889 1.000000 1.000000 0.787376 0.212624 1.000000 1.000000 1.000000
1.000000 1.000000 1.000000 0.560000 0.440000 0.140000 0.860000 0.520000 0.480000 0.520000 0.480000 1.000000 1.000000 1.000000 0.520000 0.480000
1.000000 0.520000 0.480000 0.520000 0.480000 1.000000 0.520000 0.480000 0.520000 0.480000 0.520000 0.480000 0.520000 0.480000 0.520000 0.480000
0.520000 0.480000 0.520000 0.480000 0.440000 0.560000 0.440000 0.560000 0.440000 0.560000 0.440000 0.560000 0.440000 0.560000 0.440000 0.560000
0.440000 0.560000 0.440000 0.560000 1.000000 1.000000 1.000000 1.000000 1.000000 1.000000 1.000000 1.000000 1.000000 1.000000 0.440000 0.560000
0.500000 0.500000 0.500000 0.500000 1.000000 1.000000 1.000000 0.500000 0.500000 0.500000 0.500000 0.500000 0.500000 1.000000 0.500000 0.500000
0.500000 0.500000 0.500000 0.500000 0.500000 0.500000 0.500000 0.500000 0.500000 0.500000 0.500000 0.500000 0.520000 0.480000 0.520000 0.480000
0.520000 0.480000 0.520000 0.480000 0.520000 0.480000 0.520000 0.480000 0.520000 0.480000 0.520000 0.480000 1.000000 1.000000 1.000000 1.000000
1.000000 1.000000 1.000000 1.000000 1.000000 1.000000 0.520000 0.480000 0.520000 0.480000 0.520000 0.480000 1.000000 1.000000 1.000000 0.520000
0.480000 0.520000 0.480000 0.520000 0.480000 1.000000 0.520000 0.480000 0.520000 0.480000 0.520000 0.480000 0.520000 0.480000 0.520000 0.480000
0.520000 0.480000 0.520000 0.480000 0.500000 0.500000 0.500000 0.500000 0.500000 0.500000 0.500000 0.500000 0.500000 0.500000 0.500000 0.500000
0.500000 0.500000 0.500000 0.500000 1.000000 1.000000 1.000000 1.000000 1.000000 1.000000 1.000000 1.000000 1.000000 1.000000 0.500000 0.500000
0.500000 0.500000 0.500000 0.500000 1.000000 1.000000 1.000000 0.500000 0.500000 0.500000 0.500000 0.500000 0.500000 1.000000 0.500000 0.500000
0.500000 0.500000 0.500000 0.500000 0.500000 0.500000 0.500000 0.500000 0.500000 0.500000 0.500000 0.500000 0.500000 0.500000 0.500000 0.500000
0.500000 0.500000 0.500000 0.500000 0.500000 0.500000 0.500000 0.500000 0.500000 0.500000 0.500000 0.500000 1.000000 1.000000 1.000000 1.000000
1.000000 1.000000 1.000000 1.000000 1.000000 1.000000 0.500000 0.500000 1.000000 1.000000 1.000000 1.000000 1.000000 1.000000 1.000000 1.000000
1.000000 1.000000 1.000000 1.000000 1.000000 0.080000 0.920000 0.360000 0.640000 0.079571 0.880000 0.040429 1.000000 1.000000 1.000000 1.000000
1.000000 1.000000 1.000000 1.000000 1.000000 1.000000 1.000000 1.000000 1.000000 1.000000 1.000000 1.000000 1.000000 0.338320 0.652894 0.008786
1.000000 1.000000 1.000000 1.000000 0.080000 0.920000 1.000000 1.000000 1.000000 1.000000 1.000000 1.000000 1.000000 0.421669 0.578331 1.000000
0.080000 0.920000 1.000000 0.080000 0.920000 1.000000 1.000000 1.000000 1.000000 1.000000 0.460000 0.540000 1.000000 0.820000 0.180000 0.820000
0.180000 0.820000 0.180000 0.820000 0.180000 0.082000 0.738000 0.180000 1.000000 1.000000 1.000000 1.000000 1.000000 1.000000 0.500000 0.500000
0.500000 0.500000 0.500000 0.500000 1.000000 1.000000 0.500000 0.500000 1.000000 0.500000 0.500000 0.500000 0.500000 0.500000 0.500000 0.500000
0.500000 0.500000 0.500000 0.500000 0.500000 0.500000 0.500000 0.500000 0.500000 0.500000 0.500000 0.500000 0.500000 0.500000 0.500000 0.500000
0.500000 0.500000 0.500000 1.000000 0.500000 0.500000 0.500000 0.500000 1.000000 1.000000 1.000000 0.500000 0.500000 1.000000 1.000000 1.000000
1.000000 1.000000 1.000000 0.500000 0.500000 1.000000 0.926031 0.034148 0.039822 0.500000 0.500000 0.500000 0.500000 0.500000 0.500000 0.992707
0.007293 0.500000 0.500000 1.000000 0.500000 0.500000 0.500000 0.500000 0.500000 0.500000 0.500000 0.500000 0.500000 0.500000 0.500000 0.500000
0.500000 0.500000 0.500000 0.500000 0.500000 0.500000 0.500000 0.500000 0.500000 0.500000 0.500000 0.500000 0.500000 0.500000 1.000000 0.500000
0.500000 0.500000 0.500000 1.000000 1.000000 1.000000 0.500000 0.500000 1.000000 1.000000 1.000000 1.000000 1.000000 1.000000 0.500000 0.500000
1.000000 1.000000 0.540000 0.460000 0.540000 0.460000 0.540000 0.460000 1.000000 0.540000 0.460000 1.000000 0.540000 0.460000 0.540000 0.460000
0.540000 0.460000 0.540000 0.460000 0.540000 0.460000 0.540000 0.460000 0.540000 0.460000 0.540000 0.460000 1.000000 1.000000 1.000000 1.000000
1.000000 1.000000 1.000000 1.000000 1.000000 1.000000 1.000000 1.000000 1.000000 1.000000 1.000000 1.000000 1.000000 1.000000 1.000000 1.000000
1.000000 0.500000 0.500000 0.500000 0.500000 0.500000 0.500000 1.000000 0.500000 0.500000 1.000000 0.500000 0.500000 0.500000 0.500000 0.500000
0.500000 0.500000 0.500000 0.500000 0.500000 0.500000 0.500000 0.500000 0.500000 0.500000 0.500000 0.420000 0.580000 0.420000 0.580000 0.420000
0.580000 0.420000 0.580000 0.420000 0.580000 1.000000 0.420000 0.580000 0.420000 0.580000 1.000000 1.000000 1.000000 0.420000 0.580000 1.000000
1.000000 1.000000 1.000000 1.000000 1.000000 0.420000 0.580000 1.000000 1.000000 1.000000 1.000000 1.000000 0.123979 0.876021 1.000000 0.997465
0.002535 1.000000 0.415405 0.584595 1.000000 1.000000 1.000000 1.000000 1.000000 1.000000 1.000000 1.000000 1.000000 1.000000 1.000000 1.000000
1.000000 1.000000 0.015831 0.984169 1.000000 1.000000 0.005572 0.935021 0.059407 1.000000 1.000000 1.000000 1.000000 1.000000 0.055212 0.300000
0.644788 1.000000 1.000000 0.300000 0.700000 0.300000 0.700000 1.000000 0.300000 0.700000 1.000000 0.300000 0.700000 0.300000 0.700000 0.065514
0.300000 0.634486 1.000000 1.000000 1.000000 1.000000 1.000000 1.000000 1.000000 0.499986 0.500014 1.000000 1.000000 1.000000 1.000000 1.000000
1.000000 1.000000 1.000000 1.000000 1.000000 1.000000 1.000000 1.000000 1.000000 0.275192 0.724808 1.000000 1.000000 1.000000 0.280000 0.720000
0.280000 0.720000 0.280000 0.720000 0.280000 0.720000 0.280000 0.720000 1.000000 1.000000 1.000000 1.000000 1.000000 1.000000 1.000000 0.280000
0.720000 0.280000 0.720000 0.280000 0.720000 1.000000 1.000000 1.000000 1.000000 1.000000 1.000000 1.000000 1.000000 1.000000 1.000000 1.000000
1.000000 1.000000 1.000000 1.000000 1.000000 1.000000 1.000000 1.000000 1.000000 1.000000 1.000000 1.000000 1.000000 1.000000 1.000000 1.000000
1.000000 1.000000 1.000000 1.000000 1.000000 1.000000 1.000000 1.000000 1.000000 1.000000 1.000000 1.000000 1.000000 1.000000 1.000000 1.000000
1.000000 1.000000 1.000000 1.000000 1.000000 1.000000 1.000000 1.000000 1.000000 1.000000 1.000000 1.000000 1.000000 1.000000 1.000000 1.000000
1.000000 1.000000 1.000000 1.000000 1.000000 1.000000 1.000000 1.000000 1.000000 1.000000 1.000000 1.000000 1.000000 1.000000 1.000000 1.000000
1.000000 1.000000 1.000000 1.000000 1.000000 1.000000 1.000000 1.000000 1.000000 1.000000 1.000000 1.000000 1.000000 1.000000 1.000000 1.000000
1.000000 1.000000 1.000000 1.000000 1.000000 1.000000 1.000000 1.000000 1.000000 1.000000 1.000000 1.000000 1.000000 1.000000 1.000000 1.000000
1.000000 1.000000 1.000000 1.000000 1.000000 1.000000 1.000000 1.000000 1.000000 1.000000 1.000000 1.000000 1.000000 1.000000 1.000000 1.000000
1.000000 1.000000 1.000000 1.000000 1.000000 1.000000 1.000000 1.000000 1.000000 1.000000 1.000000 1.000000 1.000000 1.000000 1.000000 1.000000
0.280000 0.720000 0.380000 0.620000 0.700000 0.300000 0.680000 0.320000 0.380000 0.620000 0.380000 0.620000 0.380000 0.620000 0.280000 0.720000
0.280000 0.720000 1.000000 0.620000 0.380000 1.000000 1.000000 1.000000 1.000000 1.000000 1.000000 1.000000 1.000000 1.000000 1.000000 1.000000
1.000000 1.000000 1.000000 1.000000 1.000000 1.000000 1.000000 1.000000 1.000000 1.000000 1.000000 1.000000 1.000000 1.000000 1.000000 1.000000
1.000000 1.000000 1.000000 1.000000 1.000000 1.000000 1.000000 1.000000 1.000000 1.000000 1.000000 1.000000 1.000000 1.000000 1.000000 1.000000
1.000000 1.000000 1.000000 1.000000 1.000000 1.000000 1.000000 1.000000 1.000000 1.000000 1.000000 1.000000 1.000000 1.000000 1.000000 1.000000
1.000000 1.000000 1.000000 1.000000 1.000000 1.000000 1.000000 1.000000 1.000000 1.000000 1.000000 1.000000 1.000000 1.000000 1.000000 1.000000
1.000000 1.000000 1.000000 1.000000 1.000000 1.000000 1.000000 1.000000 1.000000 1.000000 1.000000 1.000000 1.000000 1.000000 1.000000 1.000000
1.000000 1.000000 1.000000 1.000000 1.000000 1.000000 1.000000 1.000000 1.000000 1.000000 1.000000 1.000000 1.000000 1.000000 1.000000 1.000000
1.000000 1.000000 1.000000 1.000000 1.000000 1.000000 1.000000 1.000000 1.000000 1.000000 1.000000 1.000000 1.000000 1.000000 1.000000 1.000000
1.000000 1.000000 1.000000 1.000000 1.000000 1.000000 1.000000 1.000000 1.000000 1.000000 1.000000 1.000000 1.000000 1.000000 1.000000 1.000000
1.000000 1.000000 1.000000 1.000000 1.000000 1.000000 1.000000 1.000000 1.000000 1.000000 1.000000 1.000000 1.000000 1.000000 1.000000 1.000000
1.000000 1.000000 1.000000 1.000000 1.000000 1.000000 1.000000 1.000000 1.000000 1.000000 1.000000 1.000000 1.000000 1.000000 1.000000 1.000000
1.000000 1.000000 1.000000 1.000000 1.000000 1.000000 1.000000 1.000000 1.000000 1.000000 1.000000 1.000000 1.000000 1.000000 1.000000 1.000000
1.000000 1.000000 1.000000 1.000000 1.000000 1.000000 1.000000 1.000000 1.000000 1.000000 1.000000 1.000000 1.000000 1.000000 1.000000 1.000000
1.000000 1.000000 1.000000 1.000000 1.000000 1.000000 1.000000 1.000000 1.000000 1.000000 1.000000 1.000000 1.000000 1.000000 1.000000 1.000000
1.000000 1.000000 1.000000 1.000000 1.000000 1.000000 1.000000 1.000000 1.000000 1.000000 1.000000 1.000000 1.000000 1.000000 1.000000 1.000000
1.000000 1.000000 1.000000 1.000000 1.000000 1.000000 1.000000 1.000000 1.000000 1.000000 1.000000 1.000000 1.000000 1.000000 1.000000 1.000000
1.000000 1.000000 1.000000 1.000000 1.000000 1.000000 1.000000 1.000000 1.000000 1.000000 1.000000 1.000000 1.000000 1.000000 1.000000 1.000000
1.000000 1.000000 1.000000 1.000000 1.000000 1.000000 1.000000 1.000000 1.000000 1.000000 1.000000 1.000000 1.000000 1.000000 1.000000 1.000000
1.000000 1.000000 1.000000 1.000000 1.000000 1.000000 1.000000 1.000000 1.000000 1.000000 1.000000 1.000000 1.000000 1.000000 1.000000 1.000000
1.000000 1.000000 1.000000 1.000000 1.000000 1.000000 1.000000 1.000000 1.000000 1.000000 1.000000 1.000000 1.000000 1.000000 1.000000 1.000000
1.000000 1.000000 1.000000 1.000000 1.000000 1.000000 1.000000 1.000000 1.000000 1.000000 1.000000</float_array>
          <technique_common>
            <accessor source="#GENERIC MAN newController-Weights-array" count="2011">
              <param type="float"/>
            </accessor>
          </technique_common>
        </source>
        <joints>
          <input semantic="JOINT" source="#GENERIC MAN newController-Joints"/>
          <input semantic="INV_BIND_MATRIX" source="#GENERIC MAN newController-Matrices"/>
        </joints>
        <vertex_weights count="1415">
          <input semantic="JOINT" offset="0" source="#GENERIC MAN newController-Joints"/>
          <input semantic="WEIGHT" offset="1" source="#GENERIC MAN newController-Weights"/>
          <vcount>1 1 1 2 2 2 1 1 1 1 1 1 1 1 1 1 1 1 2 1 1 1 1 1 1 1 2 1 1 1 2 1 1 1 1 1 2 2 1 2 2 2 2 2 2 2 2 1 1 1 1 1 1 1 1 2 1 1 1 2 2 2 2 2 2 2 2 2 2 2 2 1 1 1 1 1 1 1 2 2 2 1 1 1 2 2 2 3 2 2 2 2 2 3 3 2 2 3 3 3 2 2 2 2 2 2 2 3 3 3 3 3 3 2 3 2 2 2 3 1 1 3 2 5 2 1 1 1 2 1 2 2 2 1 2 3 4 3 2 1 1 1 1 1 1 1 1 2 2 1 2 2 2 2 1 1 1 1 2 2 1 2 2 2 1 2 3 2 2 3 2 2 3 3 2 2 2 2 1 2 2 3 2 2 3 2 2 2 2 1 1 2 1 1 2 1 2 2 2 3 2 2 1 2 6 5 3 2 2 2 2 3 2 2 2 2 2 2 2 2 2 1 1 1 1 1 1 1 2 2 1 1 1 1 1 2 2 3 3 3 2 1 1 2 2 2 2 3 2 2 2 3 2 2 2 1 1 3 1 1 1 1 1 1 2 2 1 1 1 2 2 2 1 1 1 1 1 1 1 1 1 1 1 1 2 1 1 1 1 1 1 1 2 1 1 1 2 1 1 1 1 1 2 2 2 2 2 2 2 2 2 2 2 1 1 1 1 1 1 1 1 2 1 1 1 2 2 2 2 2 2 2 2 2 2 2 1 1 1 1 1 1 1 1 2 3 2 1 1 1 2 2 2 2 2 2 2 3 2 2 2 2 2 2 2 3 3 3 3 2 2 2 2 3 3 3 3 2 5 2 1 1 2 1 2 2 2 1 2 4 2 1 1 1 1 1 1 1 2 2 1 2 2 2 2 2 1 2 1 1 2 2 1 1 2 2 2 1 1 2 2 3 2 2 3 3 2 2 2 2 3 2 3 2 2 3 2 2 2 2 1 1 2 1 1 2 1 2 2 2 3 2 2 2 6 5 2 2 2 2 2 2 2 2 2 1 2 2 1 1 1 1 1 1 1 2 2 1 1 1 1 1 2 3 2 2 2 2 3 2 3 2 2 2 1 1 2 1 1 1 1 1 1 2 2 2 2 1 1 1 2 1 2 2 1 2 2 2 2 2 2 2 2 2 2 2 2 2 2 2 1 1 1 1 1 1 1 1 1 1 2 2 2 1 1 1 2 2 2 1 2 2 2 2 2 2 2 2 2 2 2 2 2 2 2 1 1 1 1 1 1 1 1 1 1 2 2 2 1 1 1 2 2 2 1 2 2 2 2 2 2 2 2 2 2 2 2 2 2 2 1 1 1 1 1 1 1 1 1 1 2 2 2 1 1 1 2 2 2 1 2 2 2 2 2 2 2 2 2 2 2 2 2 2 2 1 1 1 1 1 1 1 1 1 1 2 1 1 1 1 1 1 1 1 1 1 1 1 1 2 2 3 1 1 1 1 1 1 1 1 1 1 1 1 1 1 1 1 1 3 1 1 1 1 2 1 1 1 1 1 1 1 2 1 2 1 2 1 1 1 1 1 2 1 2 2 2 2 3 1 1 1 1 1 1 2 2 2 1 1 2 1 2 2 2 2 2 2 2 2 2 2 2 2 2 1 2 2 1 1 1 2 1 1 1 1 1 1 2 1 3 2 2 2 2 2 1 2 2 2 2 2 2 2 2 2 2 2 2 2 1 2 2 1 1 1 2 1 1 1 1 1 1 2 1 1 2 2 2 1 2 1 2 2 2 2 2 2 2 2 1 1 1 1 1 1 1 1 1 1 1 1 1 1 1 1 1 1 1 1 1 2 2 2 1 2 1 2 2 2 2 2 2 2 2 2 2 2 2 2 1 2 2 1 1 1 2 1 1 1 1 1 1 2 1 1 1 1 1 2 1 2 1 2 1 1 1 1 1 1 1 1 1 1 1 1 1 1 2 1 1 3 1 1 1 1 1 3 1 1 2 2 1 2 1 2 2 3 1 1 1 1 1 1 1 2 1 1 1 1 1 1 1 1 1 1 1 1 1 1 2 1 1 1 2 2 2 2 2 1 1 1 1 1 1 1 2 2 2 1 1 1 1 1 1 1 1 1 1 1 1 1 1 1 1 1 1 1 1 1 1 1 1 1 1 1 1 1 1 1 1 1 1 1 1 1 1 1 1 1 1 1 1 1 1 1 1 1 1 1 1 1 1 1 1 1 1 1 1 1 1 1 1 1 1 1 1 1 1 1 1 1 1 1 1 1 1 1 1 1 1 1 1 1 1 1 1 1 1 1 1 1 1 1 1 1 1 1 1 1 1 1 1 1 1 1 1 1 1 1 1 1 1 1 1 1 1 1 1 1 1 1 1 1 1 1 1 1 1 1 1 1 1 1 1 1 1 1 2 2 2 2 2 2 2 2 2 1 2 1 1 1 1 1 1 1 1 1 1 1 1 1 1 1 1 1 1 1 1 1 1 1 1 1 1 1 1 1 1 1 1 1 1 1 1 1 1 1 1 1 1 1 1 1 1 1 1 1 1 1 1 1 1 1 1 1 1 1 1 1 1 1 1 1 1 1 1 1 1 1 1 1 1 1 1 1 1 1 1 1 1 1 1 1 1 1 1 1 1 1 1 1 1 1 1 1 1 1 1 1 1 1 1 1 1 1 1 1 1 1 1 1 1 1 1 1 1 1 1 1 1 1 1 1 1 1 1 1 1 1 1 1 1 1 1 1 1 1 1 1 1 1 1 1 1 1 1 1 1 1 1 1 1 1 1 1 1 1 1 1 1 1 1 1 1 1 1 1 1 1 1 1 1 1 1 1 1 1 1 1 1 1 1 1 1 1 1 1 1 1 1 1 1 1 1 1 1 1 1 1 1 1 1 1 1 1 1 1 1 1 1 1 1 1 1 1 1 1 1 1 1 1 1 1 1 1 1 1 1 1 1 1 1 1 1 1 1 1 1 1 1 1 1 1 1 1 1 1 1 1 1 1 1 1 1 1 1 1 1 1 1 1 1 1 1 1 1 1 1 1 1 1 1 1 1 1 1 1 1 1 1 1 1 1 1 1 1 1 1 1 1 1 1 1 1 1 1 1 1 1 1 1 1 1 1 1 1 1 1 1 1 1 1 1 1 1 1 1 1 1 1 1 1 1 1</vcount>
